	0
R_24_25DHVITD3tm	2.8830849876481778e-08
R_25HVITD3t	5.4095829669538464e-06
R_COAtl	8.488120253273557e-06
R_EX_5adtststerone_e	2.5194295688590884e-07
R_EX_5adtststerones_e	2.523693527559101e-07
R_EX_5fthf_e	-3.9953247446544715e-09
R_EX_5htrp_e	3.328669121661215e-06
R_EX_5mthf_e	0.00015573957414635048
R_EX_5thf_e	-6.084626687913319e-09
R_EX_6dhf_e	-4.28490533332937e-09
R_24_25VITD3Hm	2.8830849846612008e-08
R_24NPHte	6.908319753057279e-09
R_10FTHF7GLUtl	4.628344128898565e-06
R_10FTHFtm	-8.00062402396863e-05
R_11DOCRTSLtr	-2.7972313892260514e-08
R_13DAMPPOX	1.6277037533278874e-06
R_24_25DHVITD2t	6.601474882104302e-06
R_24_25DHVITD2tm	6.60147488205573e-06
R_24_25DHVITD3t	4.0308571231210955e-06
R_25VITD2Hm	5.180055016442819e-06
R_2AMACHYD	3.8677824847361945e-06
R_2AMACSULT	2.9294482079937623e-06
R_2AMADPTm	7.809744979222523e-06
R_2MCITt	5.303452040490014e-06
R_2OXOADOXm	1.181465505473156e-05
R_2OXOADPTm	-1.9613395065952097e-05
R_34DHPHEt	-6.1169296921393746e-06
R_34DHXMANDACOX	3.733517543080822e-05
R_34HPLFM	2.178062735419886e-05
R_3AIBtm	1.0441061018669857e-05
R_3HAO	3.404688433751639e-06
R_3MOBt2im	8.291580688355588e-06
R_3MOPt2im	8.12010402681182e-06
R_3MOXTYROX	9.106528519702006e-07
R_3SALAOX	8.361863264444436e-07
R_42A12BOOX	6.544865256592758e-07
R_4HBZCOAFm	6.558928225312843e-06
R_4HBZFm	6.5589282254065184e-06
R_4HDEBRISOQUINEte	7.317159208403146e-09
R_4HOXPACDOX_NADP	-3.9821423786223775e-05
R_4MOPt2im	9.411250723290188e-06
R_4MPTNLte	2.0239734456257985e-05
R_4NPHSULT	-5.373119671414628e-09
R_4PYRDX	4.78725611850056e-06
R_5ADTSTSTERONEGLCtr	-3.796127509905767e-08
R_5ADTSTSTERONESULT	7.992852316708599e-07
R_5ADTSTSTERONEte	-2.5194295710795345e-07
R_5FTHFt2_1	-1.9976608561789178e-09
R_5HOXINOXDA	1.8176396928189925e-06
R_5THFtl	3.034290099641207e-06
R_5THFtm	2.1989833988815544e-06
R_7DHCHSTEROLtr	-7.113118949029704e-05
R_7DHFtm	2.431099666976716e-06
R_A4GALTc	7.714304986137718e-06
R_A4GALTg	5.2202193491605875e-06
R_A4GNT2g	-9.562588484220895e-09
R_AACTtm	0.00012014401004786096
R_ABO1g	4.96888715485145e-07
R_ABO4g	6.853665459749937e-07
R_ABO5g	6.85366547519765e-07
R_ABO6g	5.671176964220086e-07
R_ABO7g	5.671176990453171e-07
R_ABO9g	4.80441182387046e-07
R_ABTArm	-1.8548898307245605e-05
R_ABTt	-1.3110611027069424e-05
R_ABUTt2rL	3.288071854008062e-05
R_ACACT10m	-1.4376023614343092e-05
R_ACACT5p	1.797861133863432e-05
R_ACACT8p	1.3661083697019683e-05
R_ACACT9p	7.903710825860055e-06
R_ACALDtr	4.6691467727871805e-06
R_ACALDtx	-3.745688231804323e-09
R_ACCOALm	3.5001217847437788e-06
R_ACCOAtr	-5.939138332634181e-05
R_ACETONEt2	-6.723052402707319e-07
R_ACGAGBSIDEtl	1.0037600394023627e-06
R_ACGALFUCGALACGALFUCGALACGLCGAL14ACGLCGALGLUSIDEte	-5.671177000024508e-07
R_ACGALtlg	-2.5665642574591863e-06
R_ACGAMK	1.8349296953407146e-06
R_ACGAMPM	9.50787468471867e-05
R_ACGAMtly	4.866332424205422e-05
R_ACGBGBSIDEtl	2.5665642570255054e-06
R_ACHtn	2.3898838675401324e-08
R_ACHVESSEC_1	1.0034832981606288e-06
R_ACN13ACNGALGBSIDEtg	-2.6855751338039635e-09
R_ACNACNGAL14ACGLCGALGLUSIDEtg	-3.1122042928877214e-09
R_ACNACNGALGBSIDEtg	-2.6855733088748668e-09
R_ACNAMlt	-4.824594486592393e-06
R_ACNAMtn	1.5993230972417144e-05
R_ACNGALACGLCGAL14ACGLCGALGLUSIDEte	-5.181179098499855e-07
R_ACNML	-1.4420721855475799e-05
R_ACOAD10m	7.4958511461359345e-06
R_ACOAD8m	1.0282974800358835e-05
R_ACOAD9m	1.5214710933991737e-05
R_ACOAO7p	4.565869383708898e-06
R_ACODA	-4.9936941040606975e-09
R_ACONTm	7.960428533129726e-05
R_ACP1_FMN	3.350001114066359e-06
R_ACS2	1.2149821204537892e-06
R_ACSRTNMT	7.94618301802016e-08
R_ACt2r	-6.000183819109342e-05
R_ADEt	-0.0001398455699333015
R_ADK3	6.233513151232897e-06
R_ADK3m	4.443938601951525e-05
R_ADKd	-6.530126348015287e-05
R_ADMDC	2.3091204449765534e-05
R_ADNt4	5.1401010260576044e-06
R_ADNtl	2.083860674866045e-05
R_ADNtm	4.08251586961339e-06
R_ADPMAN	-4.993693097921081e-09
R_ADPRIBt	-5.130770759642633e-09
R_ADRNCOAtx	8.273453454155782e-06
R_ADRNCRNt	2.3740163064348008e-06
R_ADSL2r	2.4761235144221683e-06
R_AG13T16g	1.8814752117055078e-07
R_AG13T18g	1.7569086806917822e-07
R_AG13T2g	1.8633141371515727e-07
R_AGMTm	1.2237254142736381e-08
R_AGTim	3.5531943533035227e-06
R_AHANDROSTANGLCte	-9.202300123301033e-09
R_AHEXASE2ly	-4.6202026093844495e-09
R_AIRCr	2.476123513589501e-06
R_AKGMALtm	-2.446627121030498e-05
R_AKGt4_3	-0.00010962295608568044
R_AKR1C41	2.610151775823105e-08
R_AKR1D	3.596417011161141e-08
R_ALAGLYexR	-1.862649561652584e-08
R_ALASERNaEx	2.3761690097490185e-05
R_ALASm	9.173005355977981e-05
R_ALATHRNaEx	2.3981633972422478e-05
R_ALCD21_D	8.707104750622918e-05
R_ALCD22_D	0.00013576614017959954
R_ALCD2y	-3.745688051393081e-09
R_ALDD20xm	2.4362478553696665e-06
R_ALDD2xm	2.5877856282940925e-05
R_ALDD2y	1.496690728747252e-05
R_ALDSTRNte	4.294429177542636e-08
R_ALDSTRNtm	-4.294429179277359e-08
R_ALOX15	6.778944453915935e-07
R_ALR2	8.542084623069934e-05
R_ALR3	8.648671692043641e-05
R_AMACR2p	1.9703133365890635e-05
R_AMACRp	4.308382695383806e-06
R_AMETr	1.8337877219234966e-05
R_AMETt2m	7.695957747886478e-06
R_AMPDA	0.0003452547659735933
R_AMY2e	-7.162738999144658e-09
R_ANDRSTRNGLCte	8.49998206660374e-07
R_ANDRSTRNGLCtr	-8.499982071738521e-07
R_ANDRSTRNtr	-1.8774337659545337e-06
R_ANTIPYRENEte	-6.612178408971214e-10
R_APOCFm	1.0010375353482204e-05
R_APOC_LYS_BTNP	7.3428741396534825e-06
R_APRTO2	5.954511448930805e-06
R_ARAB_Lt	6.938893903907228e-18
R_ARABR	-4.993695235100404e-09
R_ARACHDCOAtx	3.873752521354329e-05
R_ARACHDt2	2.8396649071713454e-06
R_ARACHt	8.879302595896088e-06
R_ARGDCm	1.3973714012224803e-06
R_ARGLYSex	8.991803902775458e-05
R_ARGSS	1.3973016237747715e-06
R_ARGt4	3.969304765119529e-06
R_ARTCOAL3_cho	1.20096588459781e-06
R_R_group_phosphotase_2	4.717944820067238e-06
R_R_group_phosphotase_3	0.00012344058041304992
R_ASCBOX_1	3.8931480376286354e-07
R_ASCBt	0.00011661346490260752
R_ASNCYSNaEx	2.4450362284017535e-05
R_ASNGLNNaEx	2.3819752943202155e-05
R_ASNNm	4.768578458413074e-05
R_ASNS1	1.1922745381254263e-06
R_ASNt4	3.9910376357643607e-05
R_ASPDxt	1.9972284867608714e-09
R_ASPGLUm	1.2781841223705181e-05
R_ASPNATm	3.380466909625596e-05
R_ASPt6	1.2949703237487287e-05
R_ASPTAm	-1.237489230233868e-05
R_ATP1ter	2.360928549626634e-05
R_BILGLCURte	1.3917036259178395e-06
R_BILIRED	1.0582826848459792e-06
R_EX_6htststerone_e	3.132095105461141e-07
R_ATPasel_1	2.298113348172398e-06
R_ATPtn	1.5517440183118736e-05
R_ATPtx	2.594116978736627e-05
R_AVITE2t	-4.989668036387007e-09
R_B3GALT3g	4.557469874849618e-06
R_B3GALT42g	8.091309019499227e-09
R_B3GALTg	2.1564121217704235e-06
R_B3GNT11g	3.2612081477326194e-06
R_B3GNT310g	5.782353698281784e-06
R_B3GNT315g	6.669412162402244e-07
R_B3GNT31g	6.627494744115836e-07
R_B3GNT34g	4.770884136778841e-07
R_B3GNT37g	1.1612616583611679e-08
R_B3GNT39g	1.5645211146955718e-06
R_B3GNT51g	7.938765819790698e-06
R_BAAT1x	4.061244731337491e-06
R_BAAT3x	1.9693680888836513e-05
R_BACCL	7.3428741394591934e-06
R_BALAVECSEC_1	1.7049165214969758e-08
R_BDHm	-7.88380464588137e-06
R_BETALDHxm	5.913222374292343e-06
R_BHBtm	-7.883804645870962e-06
R_BHMT	3.45342281750957e-06
R_BILDGLCURt	3.490097836595749e-10
R_BTNDm	1.0010375353636594e-05
R_BTNPL	7.342874139568481e-06
R_BTNt2m	1.1391318761343194e-05
R_BTNt3i_1	2.116922637809826e-06
R_BVITEt	-4.989668036387007e-09
R_BZtr	7.3729677883827005e-09
R_C160CPT1	2.9251685286307838e-05
R_C160CPT2	-2.1770574503823803e-05
R_C160CRNt	-1.009742287546786e-05
R_C161CPT1	-2.359038239918565e-06
R_C161CPT12	-5.371230184958442e-06
R_C161CPT2	1.4090755625952023e-06
R_C161CRN2t	-1.3030850742647149e-06
R_C161CRNt	1.509031476325251e-06
R_C180CPT1	-2.2212282608360945e-05
R_C181CPT1	2.3213207780231615e-05
R_C181CRNt	2.3065190648194345e-06
R_C204CPT1	-2.2149117827011122e-05
R_C204CPT2	2.483478312324816e-06
R_C226COAtx	2.2148550015695795e-05
R_C226CPT1	5.612308893052087e-05
R_C226CPT2	5.611931991139456e-05
R_C226CRNt	2.874690673260183e-05
R_C3STDH1r	8.785494765850554e-07
R_C4STMO1r	7.434790176286121e-07
R_C4STMO2Pr	6.674530976108484e-07
R_CAATPS_1	2.450269512482839e-06
R_CAROtr	-6.591949208711867e-17
R_CAt7r	-1.3701912293125344e-05
R_CATm	3.0818905562196575e-05
R_CATp	0.00020372139648688892
R_CBL2tm	-9.559719828678565e-09
R_CBPPer	9.728159515443036e-07
R_CBR2	8.168221103679874e-05
R_CDIPTr	5.687839385162818e-06
R_CDPDAGtm	-6.6190883663622135e-06
R_CDS	1.2205086906830198e-06
R_CERT1gt	3.4557172950352988e-06
R_CERT1rt	1.131922814273656e-05
R_CERT2rt	1.8387583357863668e-05
R_CH25H	2.0085632948200344e-06
R_CHATn	2.3233626100348365e-08
R_CHLP	2.1748332849414517e-06
R_CHOLD2m	5.913222374317063e-06
R_CHOLK	0.00014856150753447817
R_CHOLPtl	-8.685996412891028e-07
R_CHOLtn	2.389883986195218e-08
R_CHOLtr	1.195368608115227e-06
R_CHSTEROLt3	3.448851363224703e-05
R_CITRtm	3.3982636340097044e-05
R_CITtam	-2.5474397198160803e-05
R_CK_cho	1.0547723097824313e-05
R_CLHCO3tex2	0.00012365315803396226
R_CLOXAtex2	6.696313543781696e-05
R_CLPNDCOAtx	1.379233167994598e-06
R_CLPNDCPT1	4.612520876356996e-07
R_CLPNDt	-4.677492582566556e-07
R_CMPACNAtn	1.707769204710788e-05
R_ACNMCT	6.011160476743216e-06
R_CO2tg	-3.969423450964765e-06
R_CO2tm	-0.00011183177093509675
R_COAtim	-5.1759712353782045e-06
R_COKECBESr	-5.7809164538680236e-09
R_COQ3m	5.032333457895277e-07
R_COQ6m	5.032333401863709e-07
R_COQ7m	5.032333444936893e-07
R_CORE3GTg	1.8979597796837337e-07
R_CORE6GTg	2.106995898107887e-06
R_CORE7GTg	-9.562647115129996e-09
R_CREATt4_2_r	-9.426222891367048e-05
R_CREATtmdiffir	1.0547723097886763e-05
R_CRMPte	8.053645031841361e-07
R_CRNCAR3tp	2.1797219932961215e-05
R_CRNCARtp	2.678098086861258e-05
R_CRNt	-2.0650355735934295e-06
R_CRNtHa	2.3761297421401924e-05
R_CRNtuNa	1.9081241063095486e-05
R_CRTNsyn_cho	5.82298764727901e-06
R_CRTSLt	-8.751572844883926e-09
R_CRTSLtm	-5.5127291054973826e-08
R_CRTSLtr	-8.465598191204071e-09
R_CRVNCtr	4.013044138613531e-05
R_CSAPASEly	8.511434015090469e-07
R_CSCPASEly	1.1146011939418277e-06
R_CSEPASEly	1.159084727583165e-06
R_CSNAT2m	1.266687873640801e-05
R_CSNAT2x	-1.8945768755218584e-06
R_CSNAT3x	4.842684894878352e-05
R_CSNATm	-0.0003225279393362715
R_CSNATp	-5.074582373915115e-05
R_CSNATr	-0.0002123894114666007
R_CSPG_Atly	8.511433987959394e-07
R_CSPG_Ct	1.2459646703127936e-06
R_CSPG_Ctly	1.1146011911870868e-06
R_CSPG_Dt	1.3068207049028724e-06
R_CSPG_Dtly	1.1956447687477834e-06
R_CTPtn	1.7077692037237302e-05
R_CYANt	1.6985329080732026e-09
R_CYANtm	2.9223586814342006e-09
R_CYSALANaEx	2.415472722094858e-05
R_CYSASNNaEx	2.3475233655867456e-05
R_CYSGLYex	1.1384381640076012e-06
R_CYSO	9.376017187888e-06
R_CYSSERNaEx	2.3698906959412902e-05
R_CYStec	4.139806521328421e-05
R_CYSTGLUex	8.415357592825995e-05
R_CYTD	1.8125923676511058e-05
R_CYTDn	1.7190303095663465e-08
R_CYTDt	-6.154469424451969e-06
R_CYTDtl	2.1430443351219686e-06
R_CYTK12	-3.231244187765214e-05
R_CYTK12n	3.7017493572377713e-06
R_CYTK13n	-2.26501633085463e-06
R_CYTK14	-7.956948065952762e-05
R_CYTK1m	5.193838575064114e-06
R_CYTK2n	-1.384438542519073e-05
R_CYTK3	-2.8295593393710267e-06
R_CYTK4	-5.840032034191284e-06
R_CYTK5n	-1.1694354634661508e-07
R_CPK1	-7.241491897430619e-06
R_CYTK6n	-1.1694354776214944e-07
R_CYTK7	-6.234796615837979e-05
R_CYTK7n	2.0160352604825515e-06
R_CYTK8	4.673649083472564e-05
R_CYTK8n	1.315799592005451e-06
R_DADNK	2.235475278642568e-06
R_DAG_HSter	1.606550067890372e-05
R_DAGK_hs	4.212621343363532e-05
R_DARGOp	-6.651262823656432e-09
R_DASCBH	-7.117112191257213e-09
R_DASPO1p	-5.991685105314823e-09
R_DATPtn	2.102845801713743e-06
R_DCK1m	-4.124802128095337e-05
R_DCK1n	-1.4962213687505499e-05
R_DLNLCGCPT2	4.191892647071455e-06
R_DCSPTN1CPT1	4.761292923094462e-06
R_DCSPTN1CRNt	2.8128569189087016e-06
R_DCSPTN1t	1.5397797877569896e-06
R_DCTPtn	2.5548038705448806e-05
R_DCYTD	3.7278038140867165e-05
R_DCYTDn	1.7201681942032667e-08
R_DCYTt	-5.934532022348893e-06
R_DECDPtm	9.975967239402028e-07
R_DEDOLP2_L	1.4645379020281069e-07
R_DESAT18_10	1.1524307333574124e-05
R_DESAT18_6	5.80432124271113e-06
R_DESAT18_12	3.4315449546906684e-06
R_DESAT22_2p	1.3727082250232503e-06
R_DESAT24_1	-8.42928551958444e-09
R_DGCHOLte	-4.8330104011645725e-05
R_DGSNt	-1.5520919396778965e-05
R_DGSNtm	3.80297884793393e-05
R_DHCRD2	2.346880103074045e-05
R_DHDPBMTm	9.9759673706859e-07
R_DHEASt	1.383832292721379e-06
R_DHEASULT	2.515796407457152e-06
R_DHEAtr	-1.530196437945358e-06
R_DHFtl	-9.930150141231053e-06
R_DHFtm	1.240184625383306e-05
R_DHORD9	2.149150068554706e-05
R_DHPM1	1.6769533644003798e-06
R_DIGALSGALSIDEtg	-1.5474476690105488e-06
R_DIGALSIDEtl	4.637959318820606e-06
R_DITPtn	-1.4232393854146652e-06
R_D_LACt2	-2.7458087433762657e-05
R_DLNLCGCPT1	1.5885184272285136e-06
R_DM_Asn_X_Ser_Thr_l	-1.5055283200671177e-08
R_DM_core5_g	-7.900307876645973e-09
R_DM_dem2emgacpail_prot_hs_r	2.041549595089426e-06
R_DM_dgpi_prot_hs_r	2.7226559356531566e-06
R_DM_dsT_antigen_g	-5.6333963882604365e-09
R_DM_kdn_c	4.115123470208731e-06
R_DM_melanin_c	1.8216742607747582e-06
R_DM_n5m2masn_g	-4.661151090101789e-09
R_DM_oretn_n	6.866226464223579e-06
R_DM_Ser_Thr_l	-7.497381670357184e-09
R_DM_Ser_Gly_Ala_X_Gly_l	5.101845605498881e-05
R_DM_sprm_c	6.56934903548595e-07
R_DMANTIPYRINEte	7.3171686036654915e-09
R_DMATTx	6.369735744027327e-06
R_DMGDHm	1.8238023211341985e-08
R_DMGtm	1.8238023088285038e-08
R_DMHPTCRNCPT2	7.883900705885072e-09
R_DMHPTCRNte	-8.928903578314662e-09
R_C110CPT2m	-2.041613491460259e-08
R_DMNONCRNt	1.4611781951265335e-06
R_DNADtn	4.099362607146162e-06
R_DNDPt10m	1.573819301950788e-05
R_DNDPt11m	1.184580376772243e-05
R_DNDPt13m	5.866626956788773e-06
R_DNDPt14m	3.490657648570414e-05
R_DNDPt15m	6.4122158332236e-06
R_DNDPt16m	1.2866546001646939e-05
R_DNDPt17m	7.459222776406288e-06
R_DNDPt18m	2.994606059961852e-06
R_DNDPt1m	1.559316423063034e-06
R_DNDPt20m	4.409497093089271e-06
R_DNDPt21m	3.1520567894509355e-06
R_DNDPt25m	8.492555953160813e-06
R_DNDPt28m	3.056534818777004e-05
R_DNDPt32m	1.090358297885577e-05
R_DNDPt37m	9.635200241882996e-06
R_DNDPt38m	1.1397909578138299e-05
R_DNDPt39m	4.179760755819439e-06
R_DNDPt40m	6.274258427901164e-06
R_DNDPt42m	2.3918207944541303e-06
R_DNDPt43m	3.055915669507303e-06
R_DNDPt45m	1.4639385840821417e-06
R_DNDPt49m	2.369780061083765e-06
R_DNDPt50m	2.0812160380877243e-06
R_DNDPt52m	5.760192924378349e-07
R_DNDPt55m	4.80632023049099e-07
R_DNDPt56m	5.034042905652236e-07
R_DNDPt57m	2.0042397539353496e-06
R_DNDPt59m	3.032542673961358e-06
R_DNDPt5m	3.089988726695525e-06
R_DNDPt60m	3.90024422442653e-06
R_DNDPt61m	3.662644052732783e-06
R_DNDPt62m	2.436557864540778e-06
R_DNDPt63m	2.576661872619873e-06
R_DNDPt6m	2.1679821226028295e-06
R_DOLGPP_Ler	1.2698841096094038e-05
R_DOLICHOL_Lter	2.7499718139138707e-06
R_DOLICHOL_Uter	3.8073233915233984e-06
R_DOLK_U	3.807323378565014e-06
R_DOLPH_Uer	3.8073234043881077e-06
R_DOLPMT_U	2.9494496244772406e-05
R_DOLP_Lter	4.061924474590278e-06
R_DOLP_Uter	2.568717286150629e-05
R_DOPAt4_2_r	-1.0903824644860441e-06
R_DOPAtu	8.594638142444058e-06
R_DOPAVESSEC_1	2.1918708973320267e-06
R_DPCOAtl	8.488120253367232e-06
R_DPGase	2.538295230589821e-06
R_DSAT	7.646085714722514e-05
R_DTDPtn	-1.4193596891063504e-05
R_DUDPtn	1.745488559895536e-05
R_DURAD	-2.6980055869062214e-05
R_DURAD2	7.517143619875134e-05
R_DURIK1	6.289314435481419e-05
R_DURIt	-5.930839155461609e-06
R_DUTPDPm	2.109795038257589e-06
R_EBASTINEOHtr	-7.482061126912187e-09
R_EBASTINEte	1.6688428382261034e-09
R_ECOAH12m	1.0459540445623139e-05
R_ECOAH9m	1.1802129776278258e-05
R_EICOSTETCPT1	1.7958699431996905e-06
R_ENGASE2ly	-6.578736794909945e-09
R_ESTRADIOLGLCtr	-2.8187822038311383e-07
R_ESTRADIOLt	-1.4856525984777158e-07
R_ESTRIOLGLCte	6.535073352950671e-07
R_ESTRIOLtr	2.7479495789614616e-07
R_ESTRONEGLCt	3.9900660528391363e-07
R_ESTRONESt	-4.093568589637331e-06
R_ESTRONESt2	4.572407712683516e-06
R_ESTRONEtr	-5.568392013969095e-05
R_ETF	6.777497161805646e-05
R_ETFQO	6.777497161805993e-05
R_ETHAK	1.1352913993206704e-05
R_EX_10fthf5glu_e	-5.706475833533453e-09
R_EX_10fthf6glu_e	-4.2849053367988166e-09
R_EX_10fthf7glu_e	-1.434187425070066e-09
R_EX_11_cis_retfa_e	5.362955062567995e-05
R_EX_13_cis_retnglc_e	9.608526767443393e-06
R_EX_24nph_e	-8.443515223804932e-09
R_EX_25hvitd3_e	5.409582966957316e-06
R_EX_2hb_e	6.84752465623939e-06
R_EX_2mcit_e	5.303452040472667e-06
R_EX_34dhphe_e	1.011892379037399e-06
R_EX_35cgmp_e	2.0139332178002733e-06
R_EX_4hphac_e	1.5156289866584405e-06
R_EX_4mptnl_e	2.0239734456264924e-05
R_EX_7dhf_e	-1.434187425070066e-09
R_EX_7thf_e	-1.468146069993903e-09
R_EX_9_cis_retfa_e	5.362955062567301e-05
R_EX_acetone_e	1.2408241619077387e-05
R_EX_acgalfucgalacgalfuc12gal14acglcgalgluside_hs_e	6.853665485938298e-07
R_EX_acnacngal14acglcgalgluside_hs_e	5.335695778367622e-07
R_EX_adp_e	1.9583406455671304e-06
R_EX_ahandrostanglc_e	-9.585050936983253e-09
R_EX_ala_B_e	1.594580392032252e-05
R_EX_ala__D_e	7.797080697852579e-05
R_EX_aldstrn_e	4.294429175807912e-08
R_EX_andrstrn_e	3.9352192744701586e-07
R_EX_andrstrnglc_e	8.499982067679268e-07
R_EX_antipyrene_e	-4.664458253672565e-09
R_EX_appnn_e	-4.6644572371246085e-09
R_EX_arach_e	1.351741627502595e-06
R_EX_avite1_e	3.514817227993211e-06
R_EX_avite2_e	-2.5009307298706762e-09
R_EX_bhb_e	7.883804645836268e-06
R_EX_bildglcur_e	1.3792438630921833e-06
R_EX_biocyt_e	-3.329601858115261e-09
R_EX_bvite_e	-2.5009307298706762e-09
R_EX_caro_e	-4.993692265253813e-09
R_EX_carveol_e	-8.316998707791345e-09
R_EX_chol_e	2.0227169919870974e-05
R_EX_cholate_e	2.3840925275388225e-06
R_EX_chtn_e	-2.271863152464304e-09
R_EX_clpnd_e	2.680702177331601e-06
R_EX_coumarin_e	-4.6644572405940554e-09
R_EX_creat_e	1.0320620591326019e-05
R_EX_crmp_hs_e	8.053645037219004e-07
R_EX_crn_e	-8.101743873001332e-09
R_EX_crtstrn_e	9.430149374226038e-08
R_EX_crvnc_e	6.448023542677053e-05
R_EX_cspg_c_e	1.3136348235923134e-07
R_EX_cspg_e_e	1.2955615404444676e-07
R_EX_cyan_e	-5.844716887554169e-09
R_EX_dag_hs_e	1.214962766938471e-06
R_EX_dcsptn1_e	6.713935749476374e-07
R_EX_dhdascb_e	-5.393631936911891e-09
R_EX_dheas_e	1.8067167186289201e-07
R_EX_dhf_e	-8.545892878769612e-09
R_EX_digalsgalside_hs_e	1.547447669811991e-06
R_EX_dlnlcg_e	1.702818528088318e-06
R_EX_dmantipyrine_e	-8.647443268394728e-09
R_EX_dmhptcrn_e	-9.451405012794734e-09
R_EX_dopa_e	8.438015379336194e-07
R_EX_eaflatoxin_e	-8.64743584377825e-09
R_EX_ebastine_e	-5.828895945775292e-09
R_EX_eicostet_e	1.586627420318426e-06
R_EX_estradiolglc_e	2.8187822009514973e-07
R_EX_fucacngalacglcgalgluside_hs_e	1.7706818219997977e-08
R_EX_fucfuc12gal14acglcgalgluside_hs_e	5.240791736277339e-07
R_EX_fucfucfucgalacglc13galacglcgal14acglcgalgluside_hs_e	6.669412205007053e-07
R_EX_fucfucgalacglcgalgluside_hs_e	6.002745508194851e-07
R_EX_fucgal14acglcgalgluside_hs_e	4.717073155934004e-07
R_EX_fucgalgbside_hs_e	5.019963568372865e-07
R_EX_fuc__L_e	-9.775818057833341e-09
R_EX_galacglcgalgbside_hs_e	4.770884153466881e-07
R_EX_galfucgalacglcgal14acglcgalgluside_hs_e	3.2015658600267893e-07
R_EX_gd1c_hs_e	4.904359453272722e-09
R_EX_gdp_e	-4.387660349630673e-09
R_EX_gluala_e	3.0649719448924695e-05
R_EX_glyc__S_e	4.909862100915818e-08
R_EX_gp1calpha_hs_e	2.2941813240806574e-09
R_EX_gq1balpha_hs_e	7.458381626607169e-07
R_EX_gsn_e	1.3721868361564471e-05
R_EX_gt1a_hs_e	5.38773833880235e-09
R_EX_gthox_e	9.847992883019185e-06
R_EX_ha_e	4.937426016683732e-07
R_EX_ha_pre1_e	9.676334964646427e-07
R_EX_hcoumarin_e	-8.647435840308804e-09
R_EX_hdcea_e	1.0762053518364317e-05
R_EX_hexc_e	6.519861438548935e-07
R_EX_hom__L_e	-4.511087500075339e-09
R_EX_hspg_e	4.630804831609603e-08
R_EX_htaxol_e	-8.647435840308804e-09
R_EX_i_e	-7.683629631854982e-09
R_EX_imp_e	2.572683561929967e-05
R_EX_ksi_e	-1.059879375236994e-09
R_EX_ksii_core4_e	-7.497385632465603e-09
R_EX_lac__D_e	2.7458087433717554e-05
R_EX_cysi__L_e	-9.535059450177866e-05
R_EX_leuktrB4_e	3.815998454811953e-05
R_EX_leuktrC4_e	1.2650318848110575e-06
R_EX_leuktrD4_e	1.2568916801809077e-05
R_EX_leuktrE4_e	6.278930106982938e-06
R_EX_limnen_e	-3.333885865292041e-09
R_EX_lipoate_e	-2.321733451327024e-09
R_EX_lnlc_e	1.4945171502467325e-05
R_EX_lnlnca_e	1.069141778199667e-05
R_EX_lpchol_hs_e	1.8213911273760874e-06
R_EX_meoh_e	2.7262425679117075e-06
R_EX_mercplaccys_e	2.5566070874512292e-05
R_EX_mthgxl_e	9.656420321486198e-06
R_EX_nad_e	-5.558764733237798e-10
R_EX_nadp_e	-3.3296020107709268e-09
R_EX_nifedipine_e	-4.6644572371246085e-09
R_EX_npthl_e	-4.6644572405940554e-09
R_EX_nrpphr_e	6.993808640727572e-07
R_EX_oagd3_hs_e	7.373365166034318e-07
R_EX_oagt3_hs_e	8.125143705628446e-07
R_EX_ocdca_e	5.6551124046483325e-06
R_EX_ocdcea_e	5.338691277667618e-06
R_EX_octa_e	-3.672230425993961e-09
R_EX_onpthl_e	-8.647435836839357e-09
R_EX_oxa_e	3.848905471365294e-06
R_EX_paf_hs_e	-6.656683489147941e-09
R_EX_pchol_hs_e	5.317540218083283e-07
R_EX_perillyl_e	-8.316998707791345e-09
R_EX_pheacgln_e	2.0346096909380773e-06
R_EX_phllqne_e	5.98527420498339e-05
R_EX_phyt_e	-3.5517229018955376e-09
R_EX_prostgd2_e	7.256317560676295e-07
R_EX_prostge2_e	7.25209465365223e-07
R_EX_prostgf2_e	7.307667380974936e-07
R_EX_ps_hs_e	5.207122632869265e-07
R_EX_retfa_e	5.107287233741334e-05
R_EX_retinol_e	8.234845348939479e-06
R_EX_Rtotal2_e	0.0001927674349151906
R_EX_Rtotal3_e	0.00010015227208254665
R_EX_s2l2n2m2masn_e	-5.548099660246386e-09
R_EX_sarcs_e	-3.3296024964935e-09
R_EX_spc_hs_e	8.417955804744526e-07
R_EX_sph1p_e	3.3278962158558856e-06
R_EX_strdnc_e	1.9170399002954586e-06
R_EX_tag_hs_e	1.5103264327773896e-05
R_EX_taxol_e	-4.6644572405940554e-09
R_EX_tchola_e	4.679848663104863e-05
R_EX_tcynt_e	-1.012001266814666e-08
R_EX_tdchola_e	3.932631405677289e-05
R_EX_tetpent3_e	-6.524943460539667e-09
R_EX_tetpent6_e	-8.191805553336984e-09
R_EX_thmmp_e	2.6216722677149806e-05
R_EX_thym_e	9.426518788116511e-07
R_EX_triodthy_e	-7.652143269726297e-09
R_EX_triodthysuf_e	-9.187043212982582e-09
R_EX_tststeroneglc_e	4.319644516317944e-07
R_EX_tststerones_e	2.754022195260164e-07
R_EX_ttdca_e	6.881458512027205e-06
R_EX_tymsf_e	1.4399756874325376e-06
R_EX_Tyr_ggn_e	-8.830175795421225e-09
R_EX_udp_e	5.450866061920689e-07
R_EX_vitd3_e	3.0464928489105925e-05
R_EX_whddca_e	2.908406453172585e-08
R_EX_whhdca_e	4.6474871089746683e-07
R_EX_whttdca_e	2.9032567041425983e-08
R_EX_xoltri25_e	4.660666313806294e-06
R_EX_xoltri27_e	8.788596205649979e-06
R_F1Atg	1.4030108546718434e-06
R_FACOAL140	1.3979080480397421e-06
R_FACOAL160	1.6403598201431002e-06
R_FACOAL170	2.454804251400544e-06
R_FACOAL181	1.2260071648173554e-06
R_FACOAL1821	1.6653804005284378e-06
R_FACOAL1822	1.557912621331925e-06
R_FACOAL1831	1.5908610327408645e-06
R_FACOAL184	1.1954444172693202e-06
R_FACOAL203	1.6820144037345275e-06
R_FACOAL204	1.2775668867814893e-06
R_FACOAL2042	1.8921340313067525e-06
R_FACOAL205	1.743811040247345e-06
R_FACOAL2251	2.161422758575199e-06
R_FACOAL2252	1.7001534782304373e-06
R_FACOAL240_1	1.22059385688697e-06
R_FACOAL241	1.2216191952012234e-06
R_FACOAL245_1	2.454534616187082e-06
R_FACOAL40im	-5.115577721896778e-09
R_FACOAL80	-3.6722308249803604e-09
R_FADH2tru	0.00011707862757356913
R_FADH2tx	2.0414655566292073e-06
R_FADtru	0.00011707862757356913
R_FADtx	-2.041465556625738e-06
R_FAEL184	1.809187204299123e-06
R_FAEL204	1.969136742607791e-06
R_FAEL205	1.6086401479487034e-06
R_FAH1	2.801957596070326e-08
R_FAH2	2.7971511663671828e-08
R_FALDH	1.5848394230993934e-06
R_FALDtly	1.7152364306660672e-08
R_FALDtm	1.8238023317268537e-08
R_FAOXC11	-9.245908830224359e-09
R_FAOXC16080m	1.065244932971221e-06
R_FAOXC16080x	8.215743042411239e-07
R_FAOXC180x	3.5744174924495775e-06
R_FAOXC1811601m	9.69341015275016e-07
R_FAOXC1811603m	9.735577193303868e-07
R_FAOXC182806m	1.126623995609255e-06
R_FAOXC18280m	9.174962389557617e-07
R_FAOXC183806m	9.244162583466053e-07
R_FAOXC18480m	1.2377849946121344e-06
R_FAOXC200180x	1.2097263853497187e-06
R_FAOXC2031836m	1.2452169011745173e-06
R_FAOXC204	3.7394953181224544e-07
R_FAOXC2051843m	0.000158550190689416
R_FAOXC2051843x	1.0031595791534786e-05
R_FAOXC2251836m	5.588076817525378e-07
R_FAOXC2252053m	5.230701984326735e-07
R_FAOXC2252053x	5.280746228839006e-07
R_GCHOLAte	-5.0337426125427603e-05
R_FAOXC226205m	4.140196100906046e-05
R_FAOXC2442246x	-6.537313211596452e-09
R_FAOXC2452253x	-6.5249433009451074e-09
R_FAOXC2452256x	-8.191804415358384e-09
R_FAOXC246226x	-8.056274272694175e-09
R_FAOXC260240x_1	1.999744345719534e-06
R_FAS160COA	1.6609677222223507e-06
R_FATP1t	0.00010650569381177172
R_FATP2t	1.2008613305784614e-05
R_FATP3t	1.2270988519827615e-05
R_FATP7t	0.00010242505729264606
R_FATP8t	5.985721266279359e-05
R_FBA5	-5.445534661922564e-09
R_FDH	5.774639813808328e-06
R_FE2t	3.371879623667584e-06
R_FE3R2e_1	3.297683606302143e-05
R_FK	-1.0290592149242439e-08
R_FKYNH	2.0189214131846253e-05
R_FORMCOAtx	-1.4408488079736825e-08
R_FORtm	-7.359793149502858e-06
R_FORtr	-6.033341614371246e-06
R_FPGS2	3.3506635613925195e-06
R_FPGS2m	4.77426930002578e-06
R_FPGS3	2.8365058316534575e-06
R_FPGS4_1	5.249072529751875e-06
R_FPGS4m_1	4.681077606094597e-06
R_FPGS5	2.6428888282789553e-06
R_FPGS5m	4.6810776067121584e-06
R_FPGS6m	2.431099666085068e-06
R_FPGS7m_1	6.5431723800177255e-06
R_FPGS8m	4.370400961711818e-06
R_FPGS9	2.291918669100612e-06
R_FPGSm_1	6.973252698300181e-06
R_FRDPtc	1.3282759069692396e-06
R_FRDPtr	5.04145984062121e-06
R_FRUt1r	-4.072327852910895e-05
R_FTHFDH	4.525406945626951e-06
R_FTHFLmi	7.359793149516736e-06
R_FUC14GALACGLCGALGLUSIDEte	-8.999171715214083e-07
R_FUC14GALACGLCGALGLUSIDEtg	8.999171713583443e-07
R_FUCACGALFUCGALACGLCGALGLUSIDEte	-1.6252110628944827e-06
R_FUCACNGAL14ACGLCGALGLUSIDEte	-7.362650369692469e-07
R_FUCACNGAL14ACGLCGALGLUSIDEtg	1.033653689724856e-08
R_FUCACNGALACGLCGALGLUSIDEte	-1.7706825769514545e-08
R_FUCASE2ly	-6.393792217895822e-09
R_FUCASEe	-5.400820304868326e-09
R_FUCFUC132GALACGLCGAL14ACGLCGALGLUSIDEte	-4.819605992668896e-07
R_FUCFUC132GALACGLCGAL14ACGLCGALGLUSIDEtg	4.81960598850556e-07
R_FUCFUCFUCGALACGLC13GALACGLCGAL14ACGLCGALGLUSIDEte	-6.669412201676383e-07
R_FUCFUCFUCGALACGLC13GALACGLCGAL14ACGLCGALGLUSIDEtg	6.669412198345714e-07
R_FUCFUCFUCGALACGLCGAL14ACGLCGALGLUSIDEte	-5.354262127485465e-07
R_FUCFUCFUCGALACGLCGAL14ACGLCGALGLUSIDEtg	5.35426212387724e-07
R_FUCGALFUCGALACGLCGALGLUSIDEtg	5.473215165946455e-07
R_FUCGALGBSIDEte	5.019963566256502e-07
R_FUCGALGBSIDEtg	-5.019963564105445e-07
R_FUCtly	-1.0655951024340915e-08
R_FUMAC	1.2225659910408693e-06
R_FUMSO4tm	4.848587272739471e-05
R_FUMtm	6.967648217308733e-05
R_FUT15g	6.853665472216636e-07
R_FUT16g	1.4227004902535312e-06
R_FUT32g	1.7706840865078233e-08
R_FUT911g	6.669412195021161e-07
R_FUT91g	4.717073146815779e-07
R_FUT94g	5.354262112742501e-07
R_FUT96g	4.819605975773113e-07
R_FUT97g	4.819605984353015e-07
R_FUT99g	6.669412177054474e-07
R_G14T20g	1.7818219727461226e-07
R_G14T21g	1.7070821212161746e-07
R_G14T2g	1.9380541038671595e-07
R_G14T5g	1.7387476708430327e-07
R_G5SDym	1.1464881475561906e-05
R_G6PDH1er	-3.824847407691949e-05
R_G6PDH2er	6.698509689305465e-05
R_G6PPer	6.453623291713395e-06
R_GABAVESSEC_1	1.7046516094229462e-08
R_GACMTRc	2.4392873382725333e-05
R_GACPAILter	8.564675443863135e-06
R_GALACGLCGALGBSIDEte	4.770884149303545e-07
R_GALACGLCGALGBSIDEtg	-4.770884145140208e-07
R_GALASE10ly	-1.2517242020670949e-08
R_GALASE12ly	-1.247153445793625e-08
R_GALASE13ly	-1.2277320868281372e-08
R_GALASE15ly	-8.014579708226499e-09
R_GALASE16ly	1.6642420017087822e-07
R_GALASE17ly	3.1722522471355763e-07
R_GALASE19ly	2.4117879199453407e-06
R_GALASE1ly	-7.956975162093372e-09
R_GALASE20ly	1.63257645693915e-07
R_GALASE4ly	-1.2358122553068895e-08
R_GALASE7ly	-1.2552260217346678e-08
R_GALASE8ly	-1.2539446717085845e-08
R_GALASE9ly	-1.2527814841067908e-08
R_GALFUC12GAL14ACGLCGALGLUSIDEtg	4.270714644045992e-07
R_GALGALFUCFUCGALACGLCGALACGLCGAL14ACGLCGALGLUSIDEte	-4.804411835659939e-07
R_GALGALFUCFUCGALACGLCGALACGLCGAL14ACGLCGALGLUSIDEtg	4.804411829796573e-07
R_GALGALGALTHCRMtg	-6.627494751887397e-07
R_GALGT2	1.0822959747164296e-08
R_GALGT3	3.909279245803421e-09
R_GALNACT1g	6.00315335531898e-06
R_GALNACT2g	2.1617271703661123e-06
R_GALNACT3g	1.2459646636236998e-06
R_GALNACT4g	1.306820692340005e-06
R_GALNACT5g	1.288640857355361e-06
R_GALSIDEtg	2.0210869429541922e-06
R_GALSIDEtl	-1.3204264591240578e-06
R_GALt1r	-3.248601423128106e-05
R_GALT2g	7.390117017409131e-06
R_GALtly	4.4918453877239306e-05
R_GAO1g	-1.1232843752373434e-09
R_GARFT	2.4761235126596892e-06
R_GASNASE2ly	-5.149882319199772e-09
R_GASNASEly	-8.427854799458734e-09
R_GBA	2.2613700246809643e-06
R_GBGT1	1.0037600392322514e-06
R_GBSIDEte	3.9701451199150584e-07
R_GBSIDEtl	-4.60994228930478e-06
R_GCCam	4.9084318873063824e-06
R_GCHOLAt2	4.402364560330386e-06
R_GD1B2te	1.161246793862647e-08
R_GD1Cte	8.725029589790045e-08
R_GDPFUCtg	1.613274402735912e-05
R_GFUCS	1.0541377715792e-05
R_GGH_10FTHF7GLUl	4.628344129481432e-06
R_GGH_5THFl	9.421266852382981e-06
R_GGH_6DHFl	7.323966438987917e-06
R_GGH_7THFe	-7.056949330452866e-09
R_GGLUCT	0.00012685881086135775
R_GHMT2rm	4.727558312836444e-05
R_GLAl	4.637959318612439e-06
R_GLB1	2.46749121371459e-06
R_GLCAASE4ly	8.511434067687285e-07
R_GLCAASE6ly	1.1956447839578388e-06
R_GLCAASE7ly	1.1590847381892644e-06
R_GLCAASE8ly	3.0562120278132543e-06
R_GLCAASE9ly	3.056212027369165e-06
R_GLCAT4g	1.3068206887317801e-06
R_GLCAT5g	1.2886408532197802e-06
R_GLCAT6g	1.38696366366875e-06
R_GLCAT7g	1.3869636652091843e-06
R_GLCAT8g	1.386963666936969e-06
R_GLCNACASE5ly	1.340655824202952e-06
R_GLCNACDASg	1.3869636709476496e-06
R_GLCNACT2g	1.3869636644320282e-06
R_GLCNACT5g	1.3869636698998766e-06
R_GLCter	2.880819924170816e-05
R_GLCtly	3.722747136277599e-06
R_GLGNS1	6.256934104789669e-07
R_GLNALANaEx	2.4524418090879352e-05
R_GLNASNNaEx	2.4088203519539997e-05
R_GLNCYSNaEx	2.4590760111950494e-05
R_GLNtm	7.625677427469668e-05
R_GLPASE1	0.0003283855891542675
R_GLPASE2	3.564596051747193e-06
R_GLRASE	-3.920833422013312e-05
R_GLUt6	1.2484024994943721e-05
R_GLXO2p	2.8004932470732002e-08
R_GLXtp	-1.4043485687328938e-05
R_GLYAMDTRc	3.3145722682165896e-05
R_GLYBt4_2_r	-5.3806525807139195e-06
R_GLYCK2	3.1003854210100157e-06
R_GLYCLTDym	3.3474672393382643e-06
R_GLYCLTtp	2.9293657340112578e-08
R_GLYC_St	4.90986211583444e-08
R_GLYOp	1.4060337082854452e-05
R_GLYt4	4.203559982218774e-05
R_GLYt7_211_r	-0.00019625718009335172
R_GLYtm	3.5162619597548656e-05
R_GLYVESSEC_1	1.70394972539586e-08
R_GMPtg	1.4801854095369132e-05
R_GMPtn	-1.493831219959163e-06
R_GNDer	6.842556779185216e-06
R_GNMT	8.466444626541582e-06
R_GP1CALPHAtg	-2.3155460465718036e-09
R_GPAM_hs_1	1.3027104619499352e-05
R_GPIDA2er	2.041549594784982e-06
R_GPIDAer	2.7226559354085605e-06
R_GQ1BALPHAte	7.458381629070476e-07
R_GQ1Btg	-4.671738985245755e-09
R_GT1Ate	5.3877801386992275e-09
R_GT1Atg	-2.3439011009873667e-09
R_DHAOX_c	2.4870874078809085e-05
R_GTHOm	8.952291343029828e-05
R_GTHPi	5.009069105388342e-06
R_GTHPm	3.1500094823111446e-06
R_GTHS	1.158291498798425e-06
R_GULLACter	3.920833422003944e-05
R_GULN3D	4.2846495726830275e-05
R_GULNDer	3.343466738513212e-05
R_GULNter	7.264300160509177e-05
R_GUR1PP	1.978115833384253e-06
R_HCO3Em	0.00011054338917158455
R_H2O2syn	5.293166654770027e-06
R_H2O2t	3.072365658354087e-06
R_H2O2tm	4.03904062247426e-05
R_H2Oter	0.00010720235924572066
R_H2Otg	0.00013942901747675263
R_H3MTer_U	5.3055114073059795e-06
R_H4ET3er	4.249502083150669e-06
R_H4ETer	1.0560093245126634e-06
R_H6ET3er	2.303638166625821e-06
R_H7ET2er	7.284348734343249e-07
R_HACD1x	-2.638332985069325e-06
R_HACD9m	-1.4376023614398603e-05
R_HAS1	4.517588127108535e-06
R_HAtly	3.056212028236527e-06
R_HBZOPT10m	9.975967291166177e-07
R_HCO3_CLt	4.419195288815625e-05
R_HCOUMARINte	7.3171592118725926e-09
R_HDCAt	5.881778501253378e-06
R_HDD2COAtx	6.856332188689279e-06
R_HESTRATRIOLte	4.327275467119751e-07
R_HESTRATRIOLtr	-2.1663186057854777e-07
R_HEX4	-6.002860986065173e-09
R_HEXCt	1.559168701488478e-06
R_HISDC	1.2761137658587568e-05
R_HISt4	0.0001048419046558724
R_HISTAVESSEC_1	2.1952692263330423e-06
R_HMGCOASm	-1.1323924455819092e-05
R_HMGCOAtm	1.2478334553839288e-05
R_HMGCOAtx	-7.898804805604731e-05
R_HMGLm	8.149604853584583e-06
R_HMGLx	2.641167561334007e-05
R_HOMt4	3.556908139257242e-05
R_HPACtr	1.5156289865682349e-06
R_HPDCACRNCPT1	-9.904158633750049e-06
R_HPDCACRNCPT2	-9.912670953180977e-06
R_HPYRDCm	3.119751175104102e-08
R_HPYRR2x_1	2.454931072315425e-08
R_HPYRtp	-5.0830108372368343e-08
R_HS2ly	1.3406557554593301e-06
R_HSAT2ly	1.3406557623496518e-06
R_HSAT3ly	1.3406557963883958e-06
R_HSD17B42x_1	5.473924956561627e-06
R_HSD17B4x	1.7330303948293047e-06
R_HSD17B7r	2.5235187207508364e-05
R_HSD17B8r	7.695130283295925e-06
R_HSD17B9r	1.025978738019434e-06
R_HSD3A1r	-7.232662852477357e-10
R_HSD3B11	2.5294252500203802e-06
R_HSD3B12r	1.7774333958889476e-08
R_HSD3B13	6.829602819770553e-07
R_HSD3B3r	1.7998043716011632e-08
R_HSD3B7P	3.926274566509735e-06
R_HSPASEly	1.3406556970720074e-06
R_HSPGt	1.3869637254804168e-06
R_HTAXOLte	7.3171592118725926e-09
R_Htx	0.00017239956821738997
R_HXANtx	7.857040490569234e-06
R_HYPTROX_cho	2.9107460072196056e-06
R_ICDHyr	1.2694567292109715e-05
R_ICDHyp	9.827569375495115e-06
R_IDHPOXOX2b	-7.528639186247035e-09
R_IDHPOXOX3	-3.564847749241637e-09
R_IDHPOXOX4	-4.540518958647682e-09
R_IDHPOXOXb	-9.919274728204322e-09
R_IDOAASE3ly	1.3406558226711912e-06
R_IDOAASE4ly	1.0545668646111395e-06
R_IDOURtly	-5.076534236651137e-06
R_IDPtn	1.918330680957675e-05
R_ILEt4	3.7898126660610327e-06
R_ILEtmi	-2.6694952301464098e-05
R_ILETAm	6.7234543842734085e-06
R_INOSTO	1.9639733347799973e-06
R_INSt	3.5023157215763323e-06
R_INSTt2	2.8032627318422786e-05
R_INSTt4	-7.428865274713287e-06
R_IPDPtx	4.63308300595669e-06
R_ITCOALm	6.403731996434958e-05
R_ITPtn	-1.9179675221591558e-05
R_KAS8	2.2936701384035363e-07
R_KCC2t	-0.00048095445302839823
R_KCCt	6.305973658130015e-05
R_KHK	5.938348494348433e-06
R_KHK2	4.311288932537516e-06
R_KSII_CORE2tly	1.7389817464144586e-07
R_KSII_CORE4t	1.657255597788121e-07
R_KSItly	-3.706259903146769e-09
R_KYN3OX	7.483475426620404e-06
R_KYNATESYN	6.149849750447522e-05
R_LACZe	1.896034735646146e-06
R_LALDO	-7.468517231619398e-05
R_LAPCOAl	8.488120253301312e-06
R_LCADi_D	3.3457278073023566e-06
R_LCTStg	3.91865944447678e-06
R_LCYSTAT	2.2119830984657085e-06
R_LCYSTCBOXL	1.152616415749097e-06
R_LEUKTRA4tr	2.462303967037255e-06
R_LEUKTRB4t	1.7716043489307927e-12
R_LEUKTRB4tr	-1.1314887561588577e-05
R_LEUKTRC4t	-5.479365002086843e-06
R_LEUKTRD4t	2.412133703606767e-05
R_LEUKTRE4t	-4.8301412752354777e-11
R_LEUKTRF4t	3.617798107954377e-12
R_LEUTAm	1.1059748271556591e-05
R_TTCCOAtx	-4.889474892463136e-06
R_LIMNENte	-3.3237212877790245e-09
R_LINKDEG1ly	1.3406558245464273e-06
R_LINKDEG2ly	1.9057102725039687e-06
R_LINKDEG3ly	2.3102459901121197e-06
R_LIPOti_1	-2.6738566916151285e-09
R_L_LACtcm	1.7185043927660146e-08
R_LNLCCPT1	-5.092116811486469e-05
R_LNLCCPT2	5.828871253735213e-06
R_LNLCCRNt	3.229553275460595e-06
R_LNLCt	-1.392171065166454e-05
R_LNLNCAt	-8.295119983060123e-06
R_LNLNCGCPT2	1.7357948159813646e-06
R_LNLNCGCRNt	1.6375672220771131e-06
R_LNLNCGt	-9.409691275539785e-06
R_LPASE	7.880101193385308e-06
R_LPS2	2.6089257498152114e-06
R_LPS3e	1.2858321494460154e-06
R_LPS4e	2.7998870743116497e-08
R_LRAT1	7.37868462989677e-07
R_LRAT2	7.37868462989677e-07
R_LSTO1r	1.9979163696087765e-06
R_LTC4CP	1.2295993238209402e-05
R_LTC4Sr	2.4623039669886826e-06
R_LTDCL	7.880119323344675e-06
R_LYSt4	3.716729148355545e-05
R_LYStm	6.646503513717955e-05
R_LYStn	-3.7757048222571143e-06
R_M4BTAer	3.8004699227794925e-06
R_M4CET3er	2.0115351981458973e-06
R_MACACI	4.167802264101739e-06
R_MALTe	-8.880777085072677e-09
R_MALTly	-8.880776426745118e-09
R_MALtm	-3.7819393258371747e-06
R_MALTt1r	-4.055640628886081e-09
R_MANt1r	1.7768680528329472e-06
R_MANtly	-1.722919331509365e-08
R_MCDp	5.614979440848877e-06
R_MCLACCYSR	2.556607087471699e-05
R_MCLORi	2.5566070874949443e-05
R_MCPST	-5.370009752841964e-09
R_MDRPD	7.3781850105821e-06
R_ME1m	2.6664984614857556e-06
R_ME2m	2.6669819574304254e-06
R_MECOALm	6.403716531021286e-05
R_MECOAS1m	-6.404016061005435e-05
R_MELATN23DOX	2.511779003191994e-08
R_MELATNOX	9.228662297286472e-06
R_MEOHt2	-2.726242567814563e-06
R_MESCOALm	-6.98903295306974e-09
R_METAT	3.805230098430368e-05
R_METS	1.273953586539145e-06
R_METtec	7.410417847098644e-05
R_MGACONm	-9.9843333600802e-10
R_MGSA2	9.650950401608044e-06
R_MHISOR	3.598081433563074e-06
R_MI1345PP	1.0520827352256124e-05
R_MI134P4P	2.9351435717091257e-06
R_MI134PP	2.7815588642954303e-06
R_MI145PK	1.2342311769691916e-05
R_MI145PP	5.005256071638486e-06
R_MI14PP	7.035324766542506e-06
R_MI1P_Dtn	-3.6404158460026648e-06
R_MMCDm	6.974890657335947e-06
R_MMEm	4.675266630430226e-05
R_MMMm	-1.4380498031797695e-05
R_MMSAD1m	6.692110333827994e-06
R_MMTSADm	3.237216827224956e-05
R_MOGAT	1.7054271615727243e-08
R_MTHFCm	7.918961947014913e-05
R_MTHFD2m	2.4433929893305506e-05
R_N3Tg	1.6650131758402797e-07
R_NABTNO	5.954511448885702e-06
R_NACASPAH	6.868526670775069e-06
R_NACHEX10ly	-6.92300175519911e-09
R_NACHEX13ly	-7.179037309068548e-09
R_NACHEX16ly	-7.157373388411159e-09
R_NACHEX17ly	-7.1507731125297624e-09
R_NACHEX1ly	4.255621758875172e-07
R_NACHEX20ly	-6.7162802541709254e-09
R_NACHEX25ly	3.0725993113711603e-07
R_NACHEX26ly	7.913748001353582e-08
R_NACHEX27ly	3.0562120275356985e-06
R_NACHEX3ly	5.272646078080534e-07
R_NACHEX5ly	5.572795692132537e-07
R_NACHEX6ly	5.977977430848824e-07
R_NACHEX7ly	5.977977469429074e-07
R_NACHEX8ly	5.794949836934737e-07
R_NACHEX9ly	5.794949868576094e-07
R_NACHEXA10ly	-7.160401382932946e-09
R_NACHEXA11ly	-7.183821232326082e-09
R_NACHEXA12ly	-7.179037309068548e-09
R_NACHEXA13ly	-7.171301691366594e-09
R_NACHEXA15ly	-7.157373388411159e-09
R_NACHEXA18ly	-7.0842804400506054e-09
R_NACHEXA20ly	8.072079529797271e-08
R_NACHEXA21ly	1.5612141324172768e-07
R_NACHEXA2ly	5.273022542218175e-07
R_NACHEXA3ly	5.573216310672535e-07
R_NACHEXA4ly	5.573216328436104e-07
R_NACHEXA5ly	5.978470363487975e-07
R_NACHEXA7ly	5.795897525529004e-07
R_NACHEXA9ly	-6.92300175519911e-09
R_NACt	9.67614522187632e-09
R_NADHtru	7.935441432785698e-05
R_NADNe	-5.405288395696206e-09
R_NADPHtru	8.830456550747504e-05
R_NADPtru	8.8304565507423e-05
R_NADPtxu	5.809834998167854e-05
R_NADtn	1.4270736584456878e-05
R_NADtru	7.935441432807208e-05
R_NAGAlby	2.566564256845094e-06
R_NAIt	7.662255036166809e-07
R_NAt3_1g	-5.551115123125783e-17
R_NBAHH_ir	1.836130707075223e-06
R_NCCt	1.974906547474145e-06
R_NDP7g	0.00011614796042753311
R_NDP8	2.266868237524311e-06
R_NDP8ex	2.122095994705475e-06
R_PI3P4Kn	3.0591092445506063e-06
R_NDPK3m	7.986916718744075e-06
R_NDPK4m	3.5541964906321555e-06
R_NDPK4n	-9.340203650815004e-06
R_NDPK6m	-3.943109293522151e-05
R_NDPK7m	5.666702134199397e-07
R_NDPK7n	-6.798831546760836e-06
R_NDPK9n	1.9178767324622148e-05
R_NH4tn	5.311674221991636e-06
R_NH4tp	-2.8339196010727236e-05
R_NICRNS	6.761291323642907e-05
R_NICRNTtn	1.2467036000496368e-06
R_NIFEDIPINEte	-6.61212671421163e-10
R_NKCC2t	-0.0002752888458588086
R_NOS2_2	1.428998064094411e-06
R_NRPPHRSULT	1.1156134094580938e-06
R_NRVNCCOAtx	-5.285832611320873e-06
R_NS26T2g	-1.2012050673582131e-08
R_NS26Tg	-1.1864477608702906e-08
R_NTD12	-8.976505497249043e-09
R_NTD1m	2.1734954925218142e-05
R_NTD2l	2.1245211582893164e-06
R_NTD4e	-5.72807101750783e-09
R_NTD5m	8.789606592055164e-06
R_NTD7e	6.306868468447524e-06
R_NTD9e	-6.084622028446063e-09
R_NTD9l	1.63558620126375e-05
R_O16G1e	-8.698254435175906e-09
R_O16G2e	-6.231187437379999e-09
R_O2Stm	-4.618084201133549e-06
R_O2Stn	8.275813847789804e-07
R_O2ter	7.730960320330091e-05
R_O2tn	9.208240680270985e-07
R_OCBTm	3.47713258177872e-08
R_OCCOAtm	3.9601140533727236e-05
R_OCCOAtx	2.0918078204319734e-05
R_OIVD2m	1.946283687436108e-05
R_OMEPRAZOLEte	-6.612116687509939e-10
R_ORETNF	3.403005606996551e-06
R_ORNt4m	3.3850860380647135e-05
R_ORNt	0.0002825030558402039
R_OXAtp	2.9068376490581915e-08
R_P45011B21m	2.355919589850318e-08
R_P45017A2r	4.632756549578111e-06
R_P45017A3r	3.627497652097507e-08
R_P45017A4r	3.639022336297224e-08
R_P45019A1r	1.5973659615682242e-06
R_P45021A1r	1.090171313018382e-08
R_P45027A11m	2.938692350920591e-08
R_P45027A13m	3.3103907562601065e-06
R_P45027A14m	1.5535286763540546e-06
R_P45027A15m	1.5827372210966417e-06
R_P4502A6	-5.986882579817857e-09
R_P4502C18	-5.986893937770738e-09
R_P4502C8	-5.986882585171105e-09
R_P4502C92	-4.9906642214143796e-09
R_P4502D6	-5.986882579533254e-09
R_P4502E1	-5.3731242805749035e-09
R_P4503A4	-5.986882577967937e-09
R_P45046A1r	7.239151221270237e-06
R_P4504F122r	2.112266335479681e-06
R_P4504F123r	-6.651263382060571e-09
R_P4504F81r	4.789513937318611e-08
R_P4507A1r	2.0251017909100194e-06
R_P4507B11r	4.660666313802825e-06
R_P4507B12r	3.46526244977656e-06
R_P4508B11r	1.7059578577577496e-08
R_P450LTB4r	1.9743840250045774e-06
R_P5CRm	7.753666900256473e-06
R_PA_HSter	3.613663309437465e-05
R_PAIL_HStn	8.414358030305047e-05
R_PAIL45P_HStn	-5.73377554733516e-05
R_PAPStg	4.64816819171765e-05
R_PAPtg	4.6481681917762835e-05
R_PCFLOPm	1.9884530362002106e-06
R_PCHOL_HSter	-4.877804327639568e-06
R_PCHOLP_hs	1.2200071364161513e-06
R_PCHOLPg_hs	1.1070890872143593e-06
R_PCHOLPr_hs	1.195368608112625e-06
R_PCREATtmdiffir	1.054772309815391e-05
R_PCRNtc	2.662774450635022e-05
R_PCRNtm	7.121303725623335e-06
R_PDE1	1.605371331536709e-06
R_PDE1g	1.4059753176444683e-06
R_PI34P5K	3.326599189584778e-06
R_PI34P5Kn	3.1306254660440347e-06
R_PI3P4K	4.066895677196092e-06
R_PDE4	1.5007919331733177e-06
R_PDE4g	1.3308899319659177e-06
R_PDHm	1.6731999178030976e-05
R_PDXPP	3.157244021657641e-06
R_PEFLIP	2.2014394072469856e-06
R_PERILLYLte	6.653831464975557e-09
R_PEROXx	-7.628297877051993e-09
R_PETHCT	0.00011281397868012633
R_PGCD	6.3910076807068e-05
R_PGDI	-5.11122583788588e-08
R_PGLer	2.8736622816154245e-05
R_PGLYCt	-1.2921645807795201e-06
R_PGPP_hs	1.4438231514118938e-06
R_PGPPT	2.1494927067503e-06
R_PHCHGSm	2.8672260136010375e-05
R_PHEACGLNt	2.034609690781952e-06
R_PHEMEtm	2.5053912562807146e-06
R_PHEt4	4.015246852762111e-05
R_PHETA1m	5.736086085408876e-06
R_PHYCBOXL	1.2320150858737006e-05
R_PHYHx	-1.2729209405287767e-08
R_PHYQt	2.2456825706784755e-06
R_PHYTt	-2.8913446845080237e-09
R_PI345P5P	6.72487464906113e-06
R_PI34P3Pn	4.278577879192336e-06
R_PI34P4Pn	8.973905377539226e-06
R_PI45P3K	4.981287386823796e-06
R_PI45P5P	1.5817529188652535e-05
R_PI4P3Kn	4.90531019570889e-06
R_PI4PLC	5.281573546095375e-06
R_PI4PLCn	1.0514846835112113e-05
R_PI5P4Kn	2.3706281633527337e-06
R_PIACGT	8.564675441802283e-06
R_PROSTGE1t	1.7844143324664136e-05
R_PROSTGE2t	-1.8157529715068232e-06
R_PIK4n	2.281802598189109e-06
R_PIK5n	2.3717552423870025e-06
R_PIPLC	2.7993243586488248e-06
R_PIPLCn	3.6404158460043995e-06
R_PIter	6.220306320252333e-05
R_PItg	0.00012351799035700828
R_PItn	-7.498057396044394e-05
R_PItx	-5.1507310785143395e-05
R_PLA2_2	6.5869566513721e-07
R_PLA2_2e	6.722574340430054e-07
R_PMI12346PH	3.315939770154319e-06
R_PNTEH	6.0952915500928805e-06
R_PPA2	7.875398986133264e-06
R_PPAer	8.688247752811074e-06
R_PPAm	0.0009121826619793161
R_PPAP	2.3412816273632453e-06
R_PPD2CSPp	1.4269086173194362e-05
R_PPDOy	6.256811788799e-05
R_PPItr	-0.00012848252062831397
R_PPMI12346Ptn	3.439508926082746e-06
R_PPOR	2.7700493163809238e-06
R_PPPG9tm	9.565771116604171e-07
R_PPPGOm	4.782885563072575e-07
R_PRASCSi	2.476123513991957e-06
R_PRDXl	1.71523642011732e-08
R_PRGNLONESULT	7.960719169974873e-07
R_PRGNLONEtr	1.985159499701475e-05
R_PRGSTRNt	-3.321853619259185e-07
R_PRISTCOAtx	6.258805565553804e-07
R_PRISTtx	-7.266495878921822e-05
R_PROD2m	3.921752356312626e-05
R_PROSTGE2t2	3.8119161764751204e-07
R_PROSTGE2t3	2.195197896133483e-06
R_PROSTGI2t	1.718282657876824e-05
R_PROt4	4.024322112658463e-05
R_PROtm	1.9809677259959024e-05
R_PSFLIP	2.220704310079702e-06
R_PSFLIPm	4.009531874960004e-06
R_PTDCACRNCPT2	-4.083217508901726e-09
R_PTE4x	2.520340701195334e-06
R_PTRCOX1	4.58609590411798e-06
R_PVD3	-0.0002579262095204343
R_PYDXK	4.434408117003075e-06
R_PYDXPP	4.3079300659247186e-06
R_PYNP2r	-5.863782434259446e-05
R_PYRt2p	0.00025881148640488627
R_QUILSYN	1.2652171862137518e-06
R_RADH2	2.533176815222235e-05
R_RADH3	1.4532573750117989e-05
R_RAI1	-3.034819665793595e-05
R_RAI2	-3.0348196657949827e-05
R_RAI3	-2.5921053327963503e-06
R_RAI4	-6.02152500986386e-08
R_RAtn3	9.332162381733844e-06
R_RBK_Dr	-4.993692095250912e-09
R_RDH1	-1.3525373260210409e-05
R_RDH1a	7.821094557464159e-05
R_RDH2	-1.505715500447688e-05
R_RDH2a	4.540535166241977e-05
R_RDH4	-8.054533082442299e-06
R_RETFA	2.2722777893967316e-06
R_RETFAt	6.79757584688967e-05
R_RETFAt1	6.482255960664138e-05
R_RETH2e	1.1193008980968366e-05
R_RETHe	1.690288613147989e-05
R_RETNGLCt2r	7.693358526343619e-06
R_RETNGLCtr	8.561927123857532e-06
R_RETNtr2	4.870836137593759e-06
R_RIBt	-4.7281150330924504e-05
R_RIBt2	4.7280566292669246e-05
R_RNMK	1.8868160175369506e-06
R_RTOTAL3CRNCPT2	3.4000174206655354e-05
R_S23Tg	-9.732340780499449e-09
R_S2L2N2M2MASNtly	-4.297235414729705e-09
R_S2T1g	1.3068206852224346e-06
R_S2T3g	1.1830935048914165e-06
R_S2T4g	1.3869636804261787e-06
R_S2TASE1ly	1.340655805013441e-06
R_S2TASE2ly	1.3406558214291292e-06
R_S2TASE3ly	1.0545668636032651e-06
R_S2TASE5ly	1.1956447878540277e-06
R_S3TASE3ly	1.3406558234639598e-06
R_S4T2g	9.786336751735347e-07
R_S4T3g	6.442447462867706e-07
R_S4T4g	6.355883158983e-07
R_S4T5g	6.443961194299574e-07
R_S4T6g	1.183093501437582e-06
R_S4TASE1ly	4.255621737885018e-07
R_S4TASE2ly	1.9057102718413044e-06
R_S4TASE3ly	5.27264605313521e-07
R_S4TASE4ly	5.794949779584779e-07
R_S6T18g	1.682168853309185e-07
R_S6T1g	1.8384008261367046e-07
R_S6T20g	1.2459646666629354e-06
R_S6T21g	1.306820695934352e-06
R_S6T24g	6.443961151902933e-07
R_S6T25g	1.3869636865948554e-06
R_ST3GAL61g	7.224373120562344e-09
R_S6T2g	1.7636609462787223e-07
R_S6T3g	1.7138344021727647e-07
R_S6TASE11ly	-5.407501446619278e-09
R_S6TASE14ly	-6.281767994664733e-09
R_S6TASE15ly	-6.2761300739788695e-09
R_S6TASE16ly	-6.269723337726241e-09
R_S6TASE17ly	-6.263907392778378e-09
R_S6TASE1ly	1.3406557064082891e-06
R_S6TASE21ly	-6.138660413324004e-09
R_S6TASE24ly	1.5861248787996107e-07
R_S6TASE25ly	1.6574897034049574e-07
R_S6TASE26ly	8.162880436868303e-08
R_S6TASE2ly	1.340655748083286e-06
R_S6TASE3ly	1.3406557858586243e-06
R_S6TASE5ly	5.572795682001752e-07
R_S6TASE6ly	5.977977396882939e-07
R_S6TASE8ly	5.794949808485272e-07
R_SACCD3m	3.8397506724986534e-05
R_SADT	7.043368194789568e-05
R_SALMCOM	2.0866057940521765e-06
R_SALMCOM2	3.5605393661174156e-06
R_SARCStp	9.70848062629287e-06
R_SBPP3er	2.2122839728432042e-06
R_SBTD_D2	5.680260778253643e-05
R_SBTR	4.8230981627261915e-05
R_SCP2x_1	2.8133829841278657e-06
R_Ser_Thrtg	-2.419308713925983e-06
R_SERASNNaEx	2.3981005239176456e-05
R_SERGLYexR	-1.1391330069352628e-08
R_SERLYSNaex	6.1234860389219685e-06
R_SERTHRNaEx	2.4448186964273755e-05
R_SERtN1	-4.090249610460596e-05
R_SFGTHi	2.0188461827275184e-06
R_SGALSIDEtg	-1.5648728893986885e-06
R_SGALSIDEtl	1.373738683987935e-06
R_SGPL12r	3.098890788991171e-06
R_SIAASE2ly	-9.615912583554875e-09
R_SIAASE4ly	1.6824029494544313e-07
R_SLCBK1	2.961823897588284e-06
R_SLDt	2.2119830991006173e-06
R_SMPD3g	2.5180085336667934e-06
R_SMS	2.087768106683735e-06
R_SO4t4_2	-2.3007750670006805e-06
R_SO4tl	4.132785509868703e-05
R_SPH1Pter	6.945465032000275e-06
R_SPHINGStl	-8.940462270769223e-06
R_SPHINGStr	-3.271283272161807e-06
R_SPHK21c	2.7995109495613374e-05
R_SPHMYLNtg	2.0102011625659777e-06
R_SPMDOX	6.465507975762785e-06
R_SPODMe	3.790833814753397e-07
R_SPR	2.6242917299384994e-06
R_SQLEr	2.990924001758377e-06
R_SQLSr	7.145744874481608e-05
R_SR5AR2r	5.796290342904853e-07
R_SR5ARr	4.991246901481228e-07
R_SRTNACT	8.202319821791352e-08
R_SRTNt6_2_r	-3.127476284377483e-07
R_SRTNtu	-4.152731992441267e-07
R_ST3GAL21g	1.3713382400123986e-08
R_ST3GAL22g	1.618928914190465e-08
R_ST3GAL23g	3.899432351670007e-09
R_ST3GAL31g	1.7706851013210567e-08
R_ST6GALNAC21	2.686689724862301e-09
R_ST6GALNAC22	2.686689724862301e-09
R_ST6GALNAC23	1.1612661990866024e-08
R_ST6GALNAC26	-1.7766107257219388e-09
R_ST6GALNAC27	5.1411819029442696e-09
R_ST6GALNAC28	2.799941859095434e-09
R_ST6GALNAC31_1	5.291371667215383e-09
R_ST6GALNAC62	-7.748654860112447e-10
R_ST8SIA12	6.5277216857806755e-09
R_ST8SIA51g	2.2584918339789292e-09
R_ST8SIA52g	4.671794935164201e-09
R_ST8SIA53g	2.3439428967823437e-09
R_ST8SIA56g	-3.112204240762075e-09
R_STCOAtx	8.963104623931767e-06
R_STRDNCCPT1	-0.00012633260625065368
R_STRDNCt	2.952367453533389e-07
R_STS1	1.1792870964651148e-06
R_STS2	1.18572954825244e-06
R_STS2r	1.1755948791242199e-06
R_SUCCtp	-3.841885549405594e-06
R_SUCD1m	-0.00013019363036481657
R_SULFOX	1.1655334540422446e-06
R_T4HCINNMFM	1.0918464493532565e-05
R_TAGAT_Dt	-6.351153686301458e-09
R_TAURt4_2_r	-0.00021950425018933684
R_TAXOLte	-6.61212671421163e-10
R_TCHOLAt	-3.935609515261229e-05
R_TCYNTtm	-5.370009409366716e-09
R_TDCHOLAtx	-1.1063829345889231e-05
R_TDPm	4.788286824189067e-05
R_TETHEX3COAtx	-6.135374434196317e-09
R_TETHEX3t	2.2167090979983983e-06
R_TETPENT3CPT1	2.999477126619521e-06
R_TETPENT6COAtx	-1.4597823023293488e-08
R_TETPENT6CPT1	2.9965170296186727e-06
R_TETPENT6CRNt	2.992846734346105e-06
R_TETTET6CPT2	2.9887865631988975e-06
R_THCHOLSTOICtm	1.3342900172103045e-06
R_THD1m	1.2408467137320356e-05
R_THFtm	-7.421571463026022e-05
R_THMDt4	1.2433539901245003e-06
R_THMMPt4_1	1.821656761873125e-05
R_THMMPtm_cho	-4.788286824157148e-05
R_THMt2m	1.2535266249488752e-05
R_THMTP	4.514996116693204e-06
R_THMTPt_1	3.724669177457285e-05
R_THRCYSNaEx	2.4529561320901783e-05
R_THRGLNNaEx	2.3631953577740727e-05
R_THRGLYexR	-1.4897937847873298e-08
R_THRSERNaEx	2.399568859520751e-05
R_THYMDtl	3.2567455587537153e-06
R_THYMDtm	-2.764960665993521e-06
R_THYOXt	-1.0331580480731767e-05
R_THYPX	-1.1388698229483976e-08
R_TMABADH	-1.1250586628985815e-08
R_TMDK1m	6.024645927565214e-06
R_TMLYSOX	-8.691682165662407e-09
R_TMNDNCCOAtx	-1.4009680797805873e-05
R_TMNDNCCPT1	0.00012275107845806377
R_TMNDNCCRNt	4.655597190166352e-05
R_TMNDNCt	-3.560690725097973e-05
R_TRDR2	7.2478919310170475e-06
R_TRIODTHYSUFt	-8.410817452231267e-09
R_TRIODTHYSULT	1.1984717189425509e-06
R_TRPHYDRO2	5.749594106873874e-06
R_TRPO2	2.3333629491721283e-05
R_TRPt4	3.794115955917514e-06
R_TRYPTAOX	4.843476279183662e-06
R_TSTSTERONEGLCte	4.3196445149301654e-07
R_TSTSTERONEGLCtr	-4.3196445195792244e-07
R_TSTSTERONESte	2.7540221907151885e-07
R_TSTSTERONESULT	2.754022186170213e-07
R_TSTSTERONEt	-1.630574874844637e-07
R_TSTSTERONEtr	1.2605169525461979e-06
R_TSULt4_3	-1.4917538677369986e-07
R_TTDCAtr	-6.0518321212538195e-06
R_TTDCPT2	-6.26420427314589e-06
R_TTDCRNt	-1.271913016041848e-06
R_TXA2tr	-4.284256658354524e-05
R_TYRASE	1.8216742607511226e-06
R_TYRDOPO	5.270427393683729e-06
R_TYROXDAc	1.515628986523132e-06
R_UAG2EMA	3.6158770527171258e-06
R_UAGALDP	1.1077638825365832e-05
R_UDPACGALtl	-1.6391253537771655e-06
R_UDPGALtg	5.0699752756198924e-05
R_UDPGD	0.00015082194155457973
R_UDPGLCAtg	-2.2910548502841355e-05
R_UDPGLCter	3.4461512286171336e-07
R_UDPGLDCg	3.969423450989051e-06
R_UDPGNP	1.8254757335710303e-06
R_UDPGP	1.1880869877894246e-06
R_UDPtl	1.6391253488783064e-06
R_UDPXYLter	3.9694234532546e-06
R_UDPXYLtg	-3.969423451002929e-06
R_UGALGTg	3.9186594441645295e-06
R_UGCG	6.9225921009163915e-06
R_UGT1A10r_1	-0.0001225364921230536
R_UGT1A1r	3.9900660613392813e-07
R_UGT1A2r	6.842113428155716e-07
R_UGT1A4r	4.3196445242282833e-07
R_UGT1A6r	2.818782205288306e-07
R_UGT1A8r	6.535073362873289e-07
R_UGT1A9r	3.641722115190207e-08
R_UMPK3	-4.8949802293946076e-05
R_UMPK4	-2.788428818151223e-06
R_UMPK4n	-1.1694354636049287e-07
R_UMPK5	6.013465463386436e-05
R_UMPK6n	7.282565282165643e-06
R_UMPK7	5.48618945395013e-05
R_UMPK7n	-1.1694354656865968e-07
R_UMPKn	-1.0263569491839042e-05
R_UMPtr	8.136278479550785e-06
R_URATEt	6.49081109047045e-05
R_UREAt5	-5.536707216095794e-07
R_UREAtm	-2.342484432915383e-08
R_URIt	-5.6092884091335504e-06
R_Uritn	-1.7190304665848366e-08
R_UROLACer	4.411329562082483e-05
R_UTPtn	-1.908973266158409e-05
R_VITD3t	3.0464928489098986e-05
R_VLCS2p	1.0710440949551758e-06
R_VLCSp	7.212823911601635e-06
R_WHTTDCAte	-2.9032567190612202e-08
R_XAOx	6.560270648861902e-06
R_XOL27OHtm	4.499550204308325e-05
R_XOL7AH2tm	-4.0496130078969406e-06
R_XOLDIOLONEt	2.0258222438417073e-06
R_XOLESTte	-0.00013827794848295105
R_XOLTRI24te	3.988027944636097e-06
R_XOLTRI25tc	4.660666313806294e-06
R_XOLTRI25te	4.660666313806294e-06
R_XOLTRIOLtm	2.938692370002549e-08
R_XYLK	2.0536942451146456e-06
R_XYLTer	7.3901170182799625e-06
R_XYLTt	-6.1035316130525485e-06
R_XYLUR	-7.180726094893619e-05
R_YVITEt	-3.980459687552562e-09
R_EX_4abutn_e	7.158444683463827e-06
R_EX_acmana_e	5.386565164969964e-06
R_EX_ahdt_e	3.893331720194321e-06
R_EX_dgmp_e	-4.993693684257616e-09
R_EX_dgtp_e	-4.993693916710562e-09
R_EX_dha_e	2.6814639854516598e-06
R_EX_dhap_e	6.295964922062303e-06
R_EX_dttp_e	-4.993693517724163e-09
R_EX_isomal_e	1.7250730333789877e-08
R_EX_HC00250_e	2.537092020523518e-06
R_EX_HC01361_e	1.1979866508214643e-06
R_EX_HC01440_e	-7.917326468043218e-09
R_EX_HC01446_e	-3.804798979351043e-09
R_EX_HC01577_e	-6.988213147041122e-09
R_EX_HC02160_e	-7.485640152876671e-09
R_EX_orot_e	9.497571864282295e-07
R_EX_udpg_e	-2.5009289222888142e-09
R_r0009	1.1582227615714036e-05
R_r0013	-8.934021980544493e-09
R_r0016	1.253939285673477e-05
R_GDR	0.00012337548468582815
R_r0023	7.639897706662735e-06
R_NOS2	8.887455982286609e-07
R_r0027	-3.3339989119945956e-05
R_NDP1	2.145943800151151e-06
R_ACOAHim	4.91690237633566e-06
R_r0074	-0.0001341161607921349
R_r0083	6.942605964713189e-05
R_r0086	4.3643011854652136e-05
R_r0113	5.386565165084456e-06
R_NTPP2	1.212050495677519e-06
R_GTHRDH_syn	9.813186738216045e-06
R_GGTAe2	-7.447414468296151e-05
R_r0139	2.9413032356928603e-09
R_r0142	9.569914442945915e-07
R_r0149	1.4706513506990149e-09
R_r0156	2.2662219737842187e-05
R_SPTc	4.886602957378789e-08
R_PYK2	1.7214167841111712e-08
R_r0166	1.8540956395196595e-06
R_SSALxm	-7.447936453399209e-05
R_ITPH2	-6.3552794901666765e-09
R_r0202	-1.338286072174777e-05
R_MAN1PT	2.677764098405616e-06
R_DHFR2i	0.00011699181952735949
R_r0242	6.129377963225613e-06
R_r0246	7.521935249762968e-06
R_r0249	7.226882185604189e-05
R_GMPR	-0.00019066518336034732
R_r0287	1.915137674081413e-05
R_GMPS	1.223171027728287e-06
R_ACOAR7m	-2.7084634432020943e-05
R_r0310	7.60134146932101e-06
R_r0311	1.5797988798804674e-06
R_r0319	7.01474765068405e-06
R_r0330	3.447860763541519e-05
R_r0354	3.139356105935631e-06
R_r0355	3.1452871016579564e-06
R_r0358	2.6072697396350986e-06
R_r0361	-6.002864150200793e-09
R_r0381	1.0450866959818561e-06
R_r0383	1.3519519577481764e-05
R_PYDXNO	6.165350153783389e-06
R_r0390_1	-1.7250730732170055e-08
R_HXAND	9.172216967468297e-06
R_PHETHPTOX	1.9009352788173573e-06
R_r0402	5.251107256520893e-06
R_r0403	4.628442869258095e-06
R_r0407	5.4698071407649484e-05
R_r0408	0.0001477211334025147
R_r0409	-9.302306199533705e-05
R_r0410	2.220446049250313e-16
R_r0425	-7.088933687432464e-05
R_r0433_1	5.614979440697956e-06
R_r0434	-4.044893887133853e-05
R_r0437	-1.0572000114762725e-05
R_r0438	5.0688515473299584e-05
R_r0441	-1.987203352466979e-05
R_r0451	1.1480342662226195e-05
R_r0463	-0.0001380841451559811
R_r0465_1	2.396762281125153e-06
R_RNTR1	-4.290027799515317e-05
R_RNTR2	-2.257852086807316e-05
R_r0480	-0.00010402704897137169
R_r0483	-8.524631310430353e-06
R_HMGCOAR	-7.567168944701275e-05
R_r0494	-5.065392549852277e-16
R_r0497	-5.065392549852277e-16
R_r0511	4.529644441100822e-06
R_r0514	1.6622346641570473e-05
R_THFATm	8.199612216515297e-06
R_SPHPL	-1.608407762570402e-05
R_r0546	1.4193797419626009e-06
R_BETALDHx	-0.00011907625170838598
R_r0557	1.1479987346810216e-05
R_r0558	1.2345555133602693e-06
R_r0568	3.1566753157519223e-06
R_r0571	3.977777564721438e-05
R_r0573	1.2666679083054699e-06
R_r0579	2.0715154649270096e-06
R_DNADDP	-1.1953391326331025e-05
R_DPCOAPP	6.969578176205596e-06
R_AASAD3	1.786901756227477e-05
R_r0610	-2.3343481754090067e-05
R_HPROx	-0.0003125615146919447
R_HPROxm	-0.0001205205422231681
R_HPROb	-0.00030232396105397963
R_r0627	-1.0803958350312504e-05
R_r0629	-8.773048663465461e-06
R_r0630	-1.2156164466633492e-05
R_r0633	3.455067013873048e-05
R_r0637	4.237259576281294e-05
R_r0642	-5.868807857972724e-05
R_AM6SAD	1.0951437348534487e-06
R_r0647	4.317165202720116e-05
R_r0648	-3.992802997954126e-09
R_r0650	1.432476308897701e-06
R_ACACT7m	-2.7143533956136556e-05
R_r0656	9.009929449939683e-06
R_ECOAH5p	-1.7978611338664678e-05
R_PRAIS	2.476123513207862e-06
R_r0669	1.7856795844738323e-05
R_r0670	7.373093863750945e-06
R_r0672	-4.608342494872089e-05
R_r0688	-0.0004636041686851833
R_r0698	0.0001493757338581897
R_r0706	3.6373100038497586e-06
R_r0716_1	2.714353395621375e-05
R_r0717	1.1422201572395575e-05
R_HACD6m	-1.2131377438306598e-05
R_r0721	1.0760708571908896e-05
R_HACD5p	-1.7978611338664678e-05
R_ACACT5m	6.010871048206523e-06
R_ECOAH4p	-2.2110144585280912e-05
R_r0730	4.9985010672088e-05
R_r0731	4.9985010672122694e-05
R_r0734	1.9151376740913877e-05
R_r0737	-5.856465715159409e-09
R_r0743	9.905564028037106e-06
R_r0744	9.833074690032695e-06
R_r0750	-1.8728292087864472e-08
R_r0755	0.00011070707946539415
R_r0756	-0.00011070707946542191
R_r0774	1.5265566588595902e-16
R_LNS14DMr	1.7786947767023387e-06
R_r0782	1.3493725337182516e-05
R_r0784	-8.886383758799354e-05
R_r0786	1.608407762632852e-05
R_SBPP1	8.77254027544655e-06
R_r0788	-0.00010402704897087209
R_r0789	-0.00010402704897028575
R_r0797	-5.329283170454576e-06
R_r0801	-4.102692341053116e-11
R_r0812	1.5592480257377306e-05
R_r0819	-4.78349828346436e-06
R_r0822	7.345842763324326e-05
R_r0829	-1.53628346933124e-05
R_r0830	-1.4972861144092048e-05
R_r0836	-6.803546343213396e-06
R_r0839	-4.801886946922962e-05
R_r0840	7.226882185591699e-05
R_r0841	-7.911137863535894e-05
R_r0842	8.480893605639084e-06
R_r0845	5.386565162732171e-06
R_r0859	1.201281911905605e-05
R_r0870	-5.054213079574987e-05
R_r0885	-1.9640597949954763e-06
R_r0892	4.462587588488498e-06
R_r0899	5.62912198057465e-05
R_r0907	1.2237254112812401e-08
R_r0908	3.2597149648198875e-05
R_r0909	-3.259714964821622e-05
R_MALICITtm	-1.648380515112402e-06
R_r0915	-6.08207852801218e-05
R_r0921	4.3177115556767426e-05
R_r0924	1.7034292456011638e-08
R_r0926	7.5219352494507175e-06
R_r0932	-3.403685275767815e-05
R_r0936	3.731201643464646e-05
R_r0937	-3.731201643464646e-05
R_r0940	2.5370920201210623e-06
R_r0942	-8.394160832237655e-05
R_SPMDtex2	6.649066960816297e-06
R_r0954	-8.942131250185698e-06
R_r0960	-1.2661796172905347e-06
R_r0962	1.662234664158435e-05
R_r0975	4.3177115559272367e-05
R_r0983	9.324913989132433e-06
R_r0984	-9.324913988966333e-06
R_r0986	2.396392476595663e-05
R_r0987	-2.396991645518126e-05
R_r0989	1.2666679082840027e-06
R_r0994	7.108824054736368e-06
R_r0997	4.237071125323677e-05
R_CARN1619Zt_m	-9.807140407408488e-08
R_r1002	5.0686630963737295e-05
R_r1005	9.448108874242009e-05
R_r1007	-1.987391803386432e-05
R_r1008	4.4510283191571964e-05
R_r1013	4.344410625023443e-06
R_r1014	4.348794485350277e-06
R_r1017	2.293678387280812e-06
R_r1028	1.889066269471432e-06
R_r1029	2.3068869292423855e-06
R_r1043	2.733919326789678e-06
R_r1044	2.755712901380537e-06
R_r1045	4.912322290436075e-06
R_r1051	-2.8769797987205498e-05
R_CITt2r	-3.8735389079985055e-05
R_CITt4_1	2.2366691433864383e-05
R_r1117	9.164867597298565e-07
R_r1134	1.0352157636603354e-06
R_r1143	2.066924260372819e-05
R_GLUt4	2.010393150063297e-05
R_r1148	-1.3105679303692525e-05
R_r1150	6.521971918268393e-05
R_r1155	1.0857464831807995e-05
R_r1162	2.3222887577632745e-06
R_r1163	4.922149413262556e-06
R_r1164	1.7837592148337023e-05
R_r1167	2.2173016868035078e-05
R_r1170	8.539417536188032e-06
R_r1175	3.3309013086919165e-06
R_r1177	2.2173016868045486e-05
R_r1179	7.123950939970369e-06
R_r1182	8.539417536160276e-06
R_r1251	3.3308688621169757e-06
R_r1252	1.4851020037620621e-06
R_r1253	2.90062819371939e-05
R_r1254	0.00013659510961833154
R_r1260	1.4906468583930632e-06
R_r1262	1.2226129221248883e-06
R_PPCOAtm	8.047585388325229e-07
R_r1292	9.193157852529013e-05
R_r1298	5.1256908683253166e-05
R_r1304	4.0718870475187074e-05
R_r1364	5.1139048421699335e-05
R_r1365	5.113904842167852e-05
R_r1374	-3.884902067189777e-09
R_r1375	-7.896576992988402e-09
R_r1378	4.3400675953098045e-07
R_r1382_1	4.3848773818161435e-07
R_r1383_1	2.1764438509208617e-06
R_r1384	2.1576440553148363e-05
R_r1392	-4.170907130225058e-05
R_r1400	-1.5767050777319713e-06
R_HCO3Ee	-5.271889993230597e-05
R_r1421	-2.5666213811677274e-06
R_PIt	3.1442033489148535e-05
R_r1428	1.338286072150724e-05
R_ALAtmi	-4.456467897574756e-06
R_r1435	4.727558312835056e-05
R_r1437	1.7271941315854383e-05
R_ACOAO5p	9.50715580752548e-06
R_ACOAO4p	2.2224346940581674e-05
R_r1448	7.643396513414003e-06
R_r1449	7.156893305181045e-06
R_r1450	7.199312950609271e-06
R_PHEt2m	-1.5654099406195443e-05
R_r1456	9.918013320488195e-06
R_r1467	1.8182485907528023e-06
R_r1468	-1.0634811375948017e-05
R_r1487	3.767550097122374e-06
R_GTHRDt2	-5.876962044045614e-05
R_r1495	2.0906180296671316e-06
R_r1497	4.419789047900558e-06
R_r1498	4.406754452325386e-06
R_r1499	8.761008819756211e-07
R_r1502	2.079931027134231e-06
R_r1503	2.31232249565838e-06
R_r1515	2.098330172516788e-06
R_r1518	2.5390620276852585e-06
R_r1519	2.2223050262530283e-06
R_r1520	2.423262107417029e-06
R_r1525	2.2023619342210685e-06
R_r1530	2.1867761823401305e-06
R_r1531_1	8.478380059216001e-07
R_r1533_1	8.478380059216001e-07
R_r1536	2.202003623830162e-06
R_r1540	0.00012855779506289883
R_r1547	1.6823925025305497e-05
R_r1548	2.2110599847580126e-05
R_r1549	1.39341445020702e-05
R_r1552	1.643587320176998e-05
R_r1553	1.9654392046569713e-05
R_r1554	2.364166995860728e-05
R_r1556	2.9046262476906115e-05
R_r1557	2.5187398227086155e-05
R_r1560	2.57262179187423e-06
R_r1561	-1.4108659995057393e-05
R_r1562	-8.82198519790156e-06
R_r1564	1.6815676932291357e-06
R_r1565	-1.3308867649872158e-05
R_r1567	-1.127819298311905e-05
R_r1568	-7.290915100321982e-06
R_r1571	-5.745186848149508e-06
R_r1578	1.5383307115507394e-06
R_r1579	3.504865478953789e-07
R_r1581	7.556283251483609e-06
R_r1584	9.10201150423895e-06
R_r1585	1.458789169024588e-05
R_r1586	-2.093390098531489e-06
R_r1587	3.1932846853988117e-06
R_r1588	-4.983170609360044e-06
R_r1589	1.3696837588214605e-05
R_r1590	-1.293597756218956e-06
R_r1591	-2.481441920026972e-06
R_r1593	4.7243547816044895e-06
R_r1594	5.8233413839509085e-06
R_r1595	1.0128947324397619e-05
R_r1597	-1.6681281798575087e-05
R_r1603	-1.3850814782792598e-05
R_r1604	-9.863536895735048e-06
R_r1610	1.5790227695280934e-05
R_r1611	7.99792342187633e-07
R_r1612	-3.8805182143997197e-07
R_r1613	2.8304670033063584e-06
R_r1615	7.91673148441141e-06
R_r1616	1.2222337403985928e-05
R_r1617	8.363473133918276e-06
R_TYRPHELAT2tc	8.17645529729849e-06
R_CYSPHELAT2tc	-1.0503552894128299e-05
R_r1621	-5.67472660632784e-06
R_ASNPHELAT2tc	2.4562077806794536e-06
R_VALPHELAT2tc	-1.5310700957060774e-06
R_THRPHELAT2tc	-2.6300566977055517e-06
R_ILEPHELAT2tc	-3.076798346712817e-06
R_r1629	2.5017286888057155e-06
R_r1630	5.720247514384713e-06
R_r1631	9.707525395322159e-06
R_r1632	1.0806511999375545e-05
R_r1634	1.1253253649382011e-05
R_r1637	-1.2959760681108268e-05
R_r1641	-7.426754542697034e-06
R_r1645	7.116939141196821e-06
R_ILELAT1tc	-7.563680790800831e-06
R_r1648	3.2185188247185748e-06
R_r1649	7.205796703158018e-06
R_r1652	8.751524955899481e-06
R_r1657	1.0989866018468186e-06
R_r1659	1.5457282509373504e-06
R_r1661	4.4674164892399837e-07
R_r1666	-2.2423488520870172e-05
R_r1671	-4.701207056041767e-06
R_r1673	2.3209106501789756e-05
R_r1674	2.3304401493451365e-05
R_r1676	2.3233889799113838e-05
R_r1678	2.3137191288234715e-05
R_r1680	2.3260783176590194e-05
R_r1685	2.365116041863624e-05
R_r1686	2.3517951723957264e-05
R_r1692	2.240074251237678e-05
R_r1693	2.214654993871329e-05
R_r1696	2.2223759123793374e-05
R_r1700	2.2620598011023618e-05
R_r1701	2.249778845545697e-05
R_r1705	2.3253921644192377e-05
R_r1706	2.2704840059048492e-05
R_r1707	2.287626710703594e-05
R_r1710	2.2730622969598102e-05
R_r1717	2.2087662879546888e-05
R_r1722	2.2784144501790393e-05
R_r1723	2.2521942756759117e-05
R_r1726	2.2601577993601463e-05
R_r1731	2.288426477053962e-05
R_r1732	2.1649256126202165e-05
R_r1736	2.215631085351888e-05
R_r1744	2.2402547032583653e-05
R_r1745	2.2538587280407363e-05
R_r1746	2.241659212196684e-05
R_r1747	2.2151919868630687e-05
R_r1748	2.314301009210401e-05
R_r1750	2.2748547993396706e-05
R_r1752	2.285217677183704e-05
R_r1753	2.2588544458281012e-05
R_r1754	2.3199215288663422e-05
R_r1755	2.270681280742287e-05
R_r1758	2.2902170426601642e-05
R_r1762	2.1990303178898163e-05
R_r1763	2.296791775266427e-05
R_r1764	2.2488924162775148e-05
R_r1766	2.305281811410681e-05
R_r1768	2.242103949309099e-05
R_r1771	2.2500019899902857e-05
R_r1774	2.2765903694127454e-05
R_r1778	2.3239753116077733e-05
R_r1779	2.2750417751495056e-05
R_r1781	2.3326501778865583e-05
R_r1783	2.2946704036366783e-05
R_r1784	2.3296388654531208e-05
R_r1786	2.27617513822026e-05
R_r1789	2.303335953009883e-05
R_r1790	2.317651997009451e-05
R_r1791	2.3048138343251257e-05
R_r1792	2.1675573332914644e-05
R_r1796	2.270975257102903e-05
R_r1797	2.2183776464290705e-05
R_r1798	2.2348028283193655e-05
R_r1799	2.2094929802290997e-05
R_r1805	2.256693068820176e-05
R_r1806	2.244465429681458e-05
R_r1809	2.263173344212166e-05
R_r1811	2.320227278258813e-05
R_r1814	2.2563056251263813e-05
R_r1817	2.274652136998595e-05
R_r1818	2.2876030047143392e-05
R_r1820	2.305374326244669e-05
R_r1821	2.292659989834578e-05
R_r1822	2.2163869013949733e-05
R_r1823	2.3155958347065297e-05
R_r1824	2.266981926103001e-05
R_r1827	2.2693558312962547e-05
R_r1829	2.2600930145652565e-05
R_r1830	2.3212221072980987e-05
R_r1832	2.278496236628874e-05
R_r1833	2.2914873209996245e-05
R_r1836	2.296560050928792e-05
R_r1837	2.206511981259901e-05
R_r1841	2.3134413800023068e-05
R_r1842	2.259043679726791e-05
R_r1846	2.2615981819303077e-05
R_r1847	2.2578061658111437e-05
R_r1848	2.280990444750164e-05
R_r1851	2.2860206672074834e-05
R_r1853	2.2917661265463296e-05
R_r1854	2.2440571010910737e-05
R_r1855	2.253015750579984e-05
R_r1857	2.2463871132853697e-05
R_r1858	2.2631965882494165e-05
R_r1860	2.2972868637533006e-05
R_r1861	2.2489153918107962e-05
R_r1864	2.2716453190491093e-05
R_r1865	2.2856020005020128e-05
R_r1867	2.1910707823147302e-05
R_r1874	2.2338555275419614e-05
R_r1876	2.245442651076235e-05
R_r1877	2.2417001867676423e-05
R_r1880	2.2820247121288495e-05
R_r1881	2.2695446752311887e-05
R_r1882	2.1781545120440338e-05
R_r1885	2.2359751767515867e-05
R_r1887	2.229438255980931e-05
R_r1889	2.2204720362767327e-05
R_r1890	2.279629138877276e-05
R_r1892	2.2282303660935143e-05
R_r1893	2.238285202244006e-05
R_r1898	2.2867127475220683e-05
R_r1899	2.2391948322264543e-05
R_r1900	2.2481178009473024e-05
R_r1901	2.2951346191395217e-05
R_r1903	2.2582579742587428e-05
R_r1904	2.2324599897420583e-05
R_r1905	2.292211197678362e-05
R_r1907	2.240295630670519e-05
R_r1908	2.2504509355175673e-05
R_r1910	2.2666728659949398e-05
R_r1912	1.6689446559921273e-05
R_r1916	1.5704757361248434e-05
R_r1918	1.5068193130012009e-05
R_r1920	1.540676102788907e-05
R_r1921	1.5221179980290378e-05
R_r1925	1.564066539969794e-05
R_r1928	1.5249033597293515e-05
R_r1932	1.610351161038942e-05
R_r1935	1.5366912341496786e-05
R_r1940	1.5628869646747146e-05
R_r1944	1.8699266597990705e-05
R_r1945	1.554492760454801e-05
R_r1948	1.53252631290568e-05
R_r1949	1.888449901940592e-05
R_r1951	1.548332518649248e-05
R_r1954	1.8466281677724516e-05
R_r1957	1.637626663075764e-05
R_r1961	1.5425692314316453e-05
R_r1962	1.6397022038455722e-05
R_r1963	1.528690196681004e-05
R_r1964	1.8827458385377305e-05
R_r1965	1.563506538822257e-05
R_r1967	1.6340900233287325e-05
R_r1970	1.558381960452271e-05
R_r1972	1.627188015377451e-05
R_r1974	1.8664960964184796e-05
R_r1976	1.5332567345302528e-05
R_r1980	1.5503488689866396e-05
R_r1981	1.531567746549528e-05
R_r1983	1.509631069596118e-05
R_r1984	1.854480656619112e-05
R_r1985	1.543610548590535e-05
R_r1986	1.524984908228555e-05
R_r1987	1.6245273038575925e-05
R_r1989	1.863044697612143e-05
R_r1997	3.6225013221845303e-06
R_r2000	3.6293634266470413e-06
R_r2001	3.6228485943457666e-06
R_r2003	3.6237304634769666e-06
R_r2004	3.625462636780224e-06
R_r2005	3.625940204377996e-06
R_r2007	3.626134354502291e-06
R_r2011	3.6529940511831625e-06
R_r2013	3.6520778985933087e-06
R_r2014	3.654391985755015e-06
R_r2016	3.658993768051693e-06
R_r2017	3.6524278942795096e-06
R_r2018	3.651908095495904e-06
R_r2021	3.655543738300456e-06
R_r2023	3.655739409555263e-06
R_r2026	3.5696703802250385e-06
R_r2030	3.5722502428204016e-06
R_r2031	3.5687497081045337e-06
R_r2032	3.5767519939066463e-06
R_r2035	3.571198328844677e-06
R_r2036	3.572906103802123e-06
R_r2038	3.5752221986888838e-06
R_r2039	3.5735683633780372e-06
R_r2040	3.6350076122894625e-06
R_r2041	3.6485066696947147e-06
R_r2046	3.6446518394681114e-06
R_r2047	3.6410825650196418e-06
R_r2048	3.6492418859247473e-06
R_r2049	3.6426927618147273e-06
R_r2050	3.642174290428393e-06
R_r2051	3.6435792766584935e-06
R_r2055	3.6459958253139705e-06
R_r2056	3.6402784988372855e-06
R_r2058	3.6473019693938674e-06
R_r2060	3.654922743718148e-06
R_r2063	3.64636190605322e-06
R_r2065	3.647974341216962e-06
R_r2067	3.6488620879704983e-06
R_r2068	3.6506058016776556e-06
R_r2071	3.651281993050502e-06
R_r2073_1	9.274887990530208e-06
R_r2080	-1.7626471562802448e-05
R_r2081	5.395130163444312e-06
R_r2084	-1.7159799606397685e-06
R_r2085	6.488588791393052e-06
R_r2086	-1.8275892025035323e-05
R_r2087	-2.4115060956338835e-05
R_r2088	-1.093458619618598e-06
R_r2089	-1.4963211558013945e-05
R_r2090	-1.1855300486564302e-05
R_r2092	-8.20456877198214e-06
R_r2093	-1.597946788491414e-05
R_r2094	5.839168369430048e-06
R_r2096	-3.312680269255963e-06
R_r2100	-1.2005856709036006e-05
R_r2101	2.1818636698832383e-05
R_r2104	4.192164784026786e-06
R_r2106	2.4978180143027384e-06
R_r2108	3.973611009431416e-06
R_r2111	-9.151848677373814e-06
R_r2113	-1.9320818463251788e-05
R_r2114	-1.5910491497059254e-05
R_r2115	-1.7845025351615612e-05
R_r2120	5.176576388273013e-06
R_r2121	-3.107910951056364e-06
R_r2122	-1.0168969411143008e-05
R_r2123	-6.758642604853815e-06
R_r2125	-1.6943467646760024e-06
R_r2126	-2.1855377381127528e-07
R_r2130	3.410326735127367e-06
R_r2133	-6.270035015635417e-06
R_r2139	-9.01209430024528e-07
R_r2141	-4.784164563509087e-08
R_r2146	1.5963755762313154e-06
R_r2149	-2.8405128401865532e-06
R_r2150	-1.00577716016009e-06
R_r2151	8.027880098805943e-07
R_r2153	8.027880098806891e-07
R_r2159	7.669513664102515e-07
R_r2164	9.658837058709769e-07
R_r2165	9.658837058710989e-07
R_r2166	8.760268370094821e-07
R_r2167	8.760268370094787e-07
R_r2172	5.157874724497843e-07
R_r2173	5.157874724497843e-07
R_r2175	8.852149791052903e-07
R_r2176	8.852149791052936e-07
R_r2177	8.852149791053987e-07
R_r2178	7.65543745579863e-07
R_r2179	7.65543745579863e-07
R_r2189	7.85579905819545e-07
R_r2191	7.944444512019563e-07
R_r2192	7.94444451202041e-07
R_r2193	-3.601977281336814e-06
R_r2195	-2.806901783359344e-08
R_r2196	-1.9562087264071972e-06
R_r2199	3.465441038088598e-10
R_r2201	-5.2781280763456906e-11
R_r2202	9.763480989231631e-11
R_r2204	5.003552613814042e-07
R_r2205	5.003552613814449e-07
R_r2206	9.738603452447965e-07
R_r2210	9.738626852575795e-07
R_r2211	9.738626852576947e-07
R_r2212	6.539186078092536e-07
R_r2213	6.539186078092536e-07
R_r2215	9.753564412634949e-07
R_r2217	9.753564412636067e-07
R_r2219	1.6954651669168697e-08
R_r2226	1.6952172742470608e-08
R_r2227	1.6960912484154104e-08
R_r2228	1.6960912484154104e-08
R_r2229	1.6960912484154163e-08
R_r2230	1.7268132574104792e-08
R_r2231	1.7268132574104792e-08
R_r2233	1.695207647735988e-08
R_r2236	1.6954723518202935e-08
R_r2237	1.695472351820293e-08
R_r2238	1.6954723518202994e-08
R_r2239	7.336026018061037e-09
R_r2242	1.6954095296267943e-08
R_r2244	1.6954095296268e-08
R_r2245	1.695216375298883e-08
R_r2246	1.6952163752988832e-08
R_r2247	1.695216375298889e-08
R_r2248	1.690733319791793e-08
R_r2249	1.690733319791793e-08
R_r2250	1.690733319791798e-08
R_r2255	1.7042357086760145e-08
R_r2256	1.7042357086760198e-08
R_r2257	1.6954512134982087e-08
R_r2258	1.6954512134982087e-08
R_r2260	1.6951854553842718e-08
R_r2264	1.6954512195748704e-08
R_r2265	1.6954512195748763e-08
R_r2266	1.695454281740131e-08
R_r2268	1.695454281740137e-08
R_r2273	1.6954542963547476e-08
R_r2275	1.695458858282901e-08
R_r2276	1.695458858282901e-08
R_r2277	1.695458858282907e-08
R_r2278	1.6953462168703888e-08
R_r2282	1.6954588582829014e-08
R_r2283	1.6954588582829074e-08
R_25HVITD2tin_m	1.3222712185394225e-05
R_r2289	1.6951793563764254e-08
R_r2293	1.6954488133604195e-08
R_r2294	1.6954488133604192e-08
R_r2297	1.6954588582829017e-08
R_r2299	1.6954552918516203e-08
R_r2300	1.69545529185162e-08
R_r2342	1.7816303254583382e-12
R_r2301	1.695455291851626e-08
R_r2307	1.695345117600637e-08
R_r2309	4.717139858517944e-08
R_r2310	-5.640950560584462e-08
R_r2313	9.418590579644837e-07
R_r2315	2.0724760107400375e-06
R_r2317	-3.8210842810984524e-05
R_r2321	-1.2529025189764176e-06
R_r2324	-7.687368553041529e-07
R_r2325	-5.0868241976281814e-08
R_r2331	-1.6315480221539003e-06
R_r2332	-5.0868241976281814e-08
R_r2333	-6.120845534654529e-07
R_r2334	-1.795312271551594e-05
R_r2439	2.1798056880588737e-05
R_r2335	-1.7949773677711917e-05
R_r2341	-2.49014990110548e-10
R_RE0512X	9.957769971230546e-07
R_RE0567C	1.7976435225993542e-05
R_SERt2r	3.9076555132564784e-05
R_r2344	3.5102543932070205e-10
R_r2347	-1.8455367885641877e-08
R_r2352	-2.2472117221039003e-10
R_RE0568C	1.7976435226427223e-05
R_r2354	4.3909680761042485e-12
R_r2472	4.619782560780911e-06
R_G6Pt6er	9.352357629152652e-05
R_RE0569C	1.7647769282730374e-05
R_r2484	3.343151594163812e-06
R_r2486	3.2863982845319406e-06
R_r2355	1.4267016972603077e-12
R_r2357	4.425188587281839e-12
R_r2358	4.391013272550642e-12
R_r2487	3.286398284531541e-06
R_r2359	4.425351585751061e-12
R_r2488	3.3666564083512626e-06
R_RE0569E	-4.730083505433136e-09
R_r2489	3.3666564083512728e-06
R_r2491	3.0231056520362103e-06
R_r2360	4.476231256735015e-12
R_r2362	4.476231256737497e-12
R_r2363	3.2796984858631774e-12
R_r2366	4.47623125673667e-12
R_r2492	3.0231056520362103e-06
R_r2493	3.0231056520358173e-06
R_r2496	3.341360350422957e-06
R_r2369	3.207628093614649e-12
R_r2374	3.17069226526967e-05
R_r2375	3.369800623795327e-05
R_r2377	1.3936217734794587e-05
R_r2382	1.1694787005689378e-05
R_r2502	7.058621694753728e-06
R_r2505	6.4989959028607935e-06
R_r2506	1.2661796173103756e-06
R_r2509	-4.374738870974865e-05
R_r2510	-9.719676750834239e-06
R_r2384	1.1999686687608202e-05
R_r2385	1.2169655296115356e-05
R_r2512	5.830567936110018e-05
R_r2387	1.2368901205914162e-05
R_r2514	-3.6951320378286745e-05
R_r2388	1.2298217073783424e-05
R_r2515	5.71641254894506e-05
R_RE0570C	1.7647769283687942e-05
R_r2516	2.7465797117830898e-05
R_r2517	2.2242747330751544e-06
R_r2396	3.79768794628733e-06
R_r2399	4.270051281733293e-06
R_r2400	3.941329052272553e-06
R_r2404	4.291163923768863e-06
R_r2518	2.1749432142156855e-06
R_RE0575C	7.839347548728448e-06
R_r2519	-3.002586373785851e-05
R_r2520	-1.224226001386719e-05
R_r2405	4.621305408633857e-06
R_r2407	3.82367530249469e-06
R_GLNt	3.53902206638116e-05
R_r2532	3.487345889491289e-05
R_r2408	3.6678905530639137e-06
R_RE0689E	2.7141601450680116e-06
R_r2409	4.557619028448053e-06
R_r2411	3.4633531246980385e-06
R_r2534	3.413701087930446e-05
R_r2538	8.564058607624797e-06
R_EX_so3_e	1.0858787309539486e-06
R_r2412	3.3265901815535592e-06
R_r2419	6.061123363002366e-05
R_RE0452M	-5.407681830407046e-06
R_RE0690E	1.447013420143904e-06
R_RE0453C	-9.259826033039889e-05
R_RE0453M	-2.0133194443813784e-05
R_RE0456N	-1.621166463901605e-05
R_RE1518X	3.337513321953478e-06
R_RE1519X	-1.0138578956583877e-06
R_RE1520M	4.3186906640846345e-06
R_RE1520X	3.3375133226690515e-06
R_RE1522M	4.318690664695257e-06
R_RE0691C	3.3948581186077353e-06
R_RE1522X	3.3375133204434013e-06
R_RE1526M	9.38767997504808e-07
R_RE0908C	7.99401637198438e-07
R_RE1526X	3.3375133222379727e-06
R_RE1527M	4.318690664029123e-06
R_RE1957R_1	1.72375805682079e-06
R_RE0912C	7.994262774674299e-07
R_RE1527X	3.337513322862473e-06
R_RE0915C	5.574023187460142e-10
R_RE1530M	1.844803099896805e-05
R_RE1531M	1.2367491077636128e-06
R_RE0918C	7.993823150781454e-07
R_RE1533X	3.337513322362873e-06
R_RE0958C	-4.2967841784591343e-10
R_RE1534M	4.318690664001368e-06
R_RE1534X	3.337513323015129e-06
R_RE1978C	-8.549124661076657e-07
R_RE1050E	-1.996335354462859e-09
R_RE2030M	1.237367103140534e-05
R_RE2034C	-7.841584448088634e-06
R_RE1587C	6.795908609746881e-07
R_RE1630C	3.379719218064847e-07
R_RE1632C	2.1609568643873867e-07
R_CYANSTm	-1.2238252980467657e-09
R_RE1709C	6.996751523262457e-07
R_RE1804M	-4.3226208667843796e-05
R_RE1807C	7.609734065265258e-05
R_RE2069C	2.4705478383006685e-05
R_RE2078M	-9.141778120557234e-05
R_RE2080C	7.18423611021507e-07
R_RE2111M	2.9114210348365116e-08
R_RE2112R	4.791252350523997e-06
R_RE2122C	1.0033792776257405e-05
R_RE2127C	-8.498557958064312e-09
R_RE2130C	6.251975089056894e-07
R_RE1810M	-5.603141684275281e-06
R_RE1826C	1.9867896630249016e-06
R_RE1834M	4.930338546579871e-06
R_STS3	7.63463555529878e-06
R_RE1835C	5.321964394105344e-06
R_RE1845C	-8.484089898274543e-06
R_RE2155C	7.94970399207312e-07
R_RE1898C	-3.3948581185556936e-06
R_STS3r	-2.024133420125418e-05
R_RE1901R	-5.077299755778392e-06
R_RE1919C	6.020841302710467e-07
R_RE1134C	2.7497587115309086e-06
R_STS4	1.535737773012899e-05
R_RE1233C	-5.720020305708881e-05
R_SPMDAT1	2.119805895685334e-06
R_SPMDAT2	9.98906215889106e-07
R_RE2223M	1.727194131583877e-05
R_AADSACYCL	2.95763776117855e-06
R_RE2240C	4.002026273246945e-06
R_RE2660C	6.996751525448208e-07
R_RE2273E	-3.7133924407628527e-17
R_RE1342C	-8.574955756995156e-06
R_RE2296C	2.0038386531334718e-06
R_RE2660N	4.163336342344337e-17
R_RE2666C_1	4.979727877506973e-06
R_RE2346C	1.0809040192218122e-05
R_RE2386C	3.3845910541244195e-07
R_RE2405C	1.4583481363062534e-06
R_RE1441R_1	1.723758056682012e-06
R_RE2426C	-9.20192508999107e-06
R_RE2427M	2.9131894878183575e-08
R_RE2429M	2.746707113029565e-06
R_RE2445E	-3.32449927135936e-09
R_RE1516X	9.957769961932428e-07
R_RE2526C	-8.848633969420552e-05
R_RE2562C	2.9164109481560896e-08
R_RE1517M	1.2367491076942239e-06
R_RE2563C	-9.44256592055881e-07
R_RE3036C	1.0393913585389665e-05
R_RE2605C	-4.756766654179234e-09
R_RE2625M	-4.8914810627902205e-06
R_RE2626M	5.380698021825725e-05
R_RE2635C	1.1210455138181696e-06
R_RE2636C	2.2316410559219957e-06
R_RE2644C	-1.7803472200982355e-05
R_RE2677E_1	-4.989674135674749e-09
R_RE2677N_1	2.8780680148138282e-06
R_RE2705C	9.59733510025318e-09
R_RE2717L	2.3943200264664455e-06
R_RE2814M	4.4300340879648015e-06
R_RE2888C_1	1.9594801371203285e-06
R_RE2948C	-6.543553893179066e-09
R_RE2649M	5.056975515532747e-06
R_RE2651R	-5.0772997557888e-06
R_RE2658C	8.990322318883776e-06
R_PYK6	0.00016897927701683968
R_RE2972M_1	4.319647913531011e-06
R_RE3041C	2.3986876103759998e-06
R_RE2973N_1	1.103842223904028e-06
R_RE2974N_1	9.859677657896027e-07
R_RE3044C	3.7285266940266515e-06
R_RE2985X	1.9708849690741603e-06
R_RE2986X	1.970884970274589e-06
R_RE2991X	2.3417363199801366e-06
R_RE2992M	3.081941557098178e-06
R_RE3050R	-6.657264195818191e-06
R_RE2998M	6.252841683485055e-06
R_RE3076X	-7.426313671127574e-05
R_RE2999M	3.379922666940649e-06
R_RE3000M	3.3799226669267712e-06
R_RE3192M	-1.054037818137843e-08
R_RE3079X	1.5661274480362197e-06
R_RE3001M	3.3799226669059546e-06
R_RE3081X	-7.972464172341376e-09
R_RE3002X	-1.970884969879072e-06
R_RE3005M	3.37992266674636e-06
R_RE3010C	8.359935617839598e-06
R_RE3010X	-1.4073165072642918e-05
R_RE3193M	-1.054037734871116e-08
R_RE3194M	-1.0540376738088497e-08
R_RE3011R	-4.72906290826039e-06
R_RE3013C	6.798576904290532e-07
R_RE3103C	7.108164558516927e-05
R_RE3014R	2.7546788852755725e-06
R_RE3016R	-2.7551430583153125e-06
R_RE3017R	4.6417402907450445e-10
R_RE3201C	1.5879242662025783e-06
R_RE3224C	1.4986601037242364e-05
R_RE3228C	1.4986601038290137e-05
R_RE3231C	1.4013980567731399e-05
R_RE3104C	7.108164558674787e-05
R_RE3232C	1.4013980568616108e-05
R_RE3234C	7.263604278873875e-06
R_RE3108C	-4.5740430154248e-07
R_RE3236C	7.2636042815071855e-06
R_RE3237C	1.8060379958738382e-06
R_RE3241C	2.0102131391419586e-06
R_RE3243C	2.010213139301553e-06
R_RE3432C	1.669305607965299e-06
R_RE3434C	2.5386567131177595e-06
R_RE3436C	2.5386567130032678e-06
R_RE3437C	2.538656712493259e-06
R_RE3247M	1.912538620529869e-08
R_RE3247X	3.6204123852259795e-06
R_RE3251C	2.7325737544173223e-06
R_RE3251M	1.610477229813806e-06
R_RE3252C	2.732573754351403e-06
R_RE3476C	1.226105302744307e-05
R_RE3476M	4.912583825743971e-06
R_PI3PP	1.4053815335150072e-05
R_RE3273R_1	-3.7332001703581016e-05
R_RE3110C	5.90722544835387e-06
R_RE3286C	1.0228925431711444e-06
R_RE3287C	8.636611520083937e-07
R_RE3485C	7.516914683383669e-06
R_RE3486C	2.858049640199617e-06
R_RE3488C	2.5267674732081663e-05
R_RE3288C	1.022892543167675e-06
R_RE3289C	8.636611520049242e-07
R_RE3490C	2.984451520901543e-06
R_RE3307C	-3.086442270774925e-06
R_RE3491C	2.858049640060839e-06
R_RE3346M	5.708798405140714e-05
R_RE3113C	5.907225449339193e-06
R_RE3513C	1.095425335627398e-06
R_RE3513R	5.84895763749288e-07
R_RE3367E	1.447013420143904e-06
R_RE3520E	1.0422783843985761e-06
R_RE3114R	1.4402353591957961e-06
R_RE3524R	-2.671474153004283e-16
R_RE3381C	1.4583481362516774e-06
R_RE3119C	4.224960873586148e-06
R_RE3411C_1	1.0809040192627517e-05
R_RE3413C	-1.0809040190736668e-05
R_RE3525M	2.4897083004994658e-06
R_RE3526C	2.83689586792063e-06
R_RE3526M	2.4562919128806593e-06
R_RE3565C	1.202034591109985e-06
R_RE3566C	-2.3267441012084916e-05
R_RE3567C	-2.3985309812870476e-05
R_RE3421R	-1.3877787807814457e-17
R_RE3422C	7.12921081828799e-07
R_EX_CE2250_e	-7.355270347647602e-09
R_RE3570C	2.2510275645357125e-06
R_EX_CE1935_e	7.554823876279593e-07
R_RE3587C	4.8239204860807405e-06
R_EX_CE1943_e	2.894026840380426e-06
R_RE3597C	2.06609596263424e-05
R_RE3120C	4.224960872406536e-06
R_RE3597M	1.640114257718539e-06
R_RE3597X	-2.4839730595634796e-05
R_RE3122C	4.224960873246142e-06
R_RE3626M	4.249000810904735e-06
R_RE3628M	-2.71277998867836e-05
R_EX_CE1939_e	1.2671467251798574e-06
R_EX_CE2915_e	-4.993693750177108e-09
R_EX_CE4722_e	-4.993693791810472e-09
R_EX_CE4723_e	-4.993693791810472e-09
R_EX_prostgh2_e	7.228523746065363e-07
R_RE3146R	3.3308685831179297e-06
R_EX_citr__L_e	0.00013167609223324606
R_EX_HC00822_e	-6.872148322623062e-09
R_EX_C02528_e	2.9697395157665674e-06
R_EX_HC02192_e	9.694594461095996e-07
R_EX_HC02195_e	2.982319512769005e-06
R_EX_HC02191_e	6.830181517532979e-06
R_EX_HC02198_e	3.3681304522012456e-06
R_EX_HC02203_e	7.115699518049634e-07
R_EX_HC02204_e	1.2020345916026465e-06
R_EX_HC02205_e	7.201685706913208e-07
R_EX_HC02206_e	1.2023531399327214e-06
R_EX_HC02207_e	7.178688013476098e-07
R_EX_HC02213_e	2.651649982410992e-06
R_EX_HC02217_e	5.612164587914803e-07
R_EX_arachcoa_e	-2.6310189686629126e-09
R_EX_coa_e	-3.1489483243163363e-09
R_EX_CE4724_e	-4.993693788341025e-09
R_EX_malthp_e	-5.732336855190923e-09
R_EX_CE2838_e	-4.056294741067168e-09
R_EX_cynt_e	-6.988098145283006e-09
R_EX_3ump_e	-4.993693854260517e-09
R_EX_CE5786_e	-4.2827205462558915e-09
R_EX_CE5797_e	-4.993693753646555e-09
R_EX_CE5787_e	-7.125645937883229e-09
R_EX_CE5868_e	-6.653415540736063e-09
R_EX_CE4881_e	-3.9607429905275104e-09
R_EX_CE5854_e	-4.993693718952086e-09
R_EX_cdpea_e	-3.929212531728066e-09
R_EX_CE5853_e	-4.993693722421533e-09
R_EX_CE1925_e	-4.993693843852176e-09
R_CITt4_4	-2.8197077940122443e-06
R_C12OHc	-6.831922749750419e-09
R_RE3153C	1.5363375397821344e-05
R_HCO3_NAt	-0.0001424554488174759
R_RE3156X	-8.191802722268271e-09
R_C141OHe	-9.151134107432402e-09
R_INSTt4_2	-4.1990543197202357e-07
R_RE3165C	1.6943578981243324e-06
R_C142CPT1	-6.831920515426582e-09
R_C142OHc	-7.939756033192857e-09
R_RE3168C	1.6943578995849695e-06
R_C14OHc	-6.831921736671909e-09
R_C162ACBP	-8.612863852675012e-09
R_PIt9	-1.6544511859424267e-05
R_RE3169C	2.418270360779462e-06
R_C16OHc	-7.939758822628207e-09
R_C182OHc	-7.93975861446139e-09
R_PROt4_2_r	-7.801525726331326e-07
R_C18OHc	-7.939758711605904e-09
R_ACRNtp	-7.752868911734684e-05
R_HSD17B3r	2.08185285010149e-06
R_BIOMASS_reaction	9.853645342380868e-08
R_RE3170C	2.4182703588504495e-06
R_3HBCOARc	-6.831923110572902e-09
R_ADPCOACROT	-2.3421239549632766e-06
R_RE3174C	1.0744216228930625e-06
R_ADPCOAPTE	2.707354777774229e-06
R_C102CPT1	-6.831920570937733e-09
R_C3DCe	-8.716427014193728e-09
R_C4CRNCPT2	-1.1906710160889192e-05
R_RE3175C	1.0744216232816406e-06
R_C4CRNe	-8.716430195676583e-09
R_C4DCCACT	-3.5352941388060166e-06
R_C10DCe	-8.7164151521546e-09
R_C10OHc	-6.831922569339177e-09
R_RE3178M	-1.0540377182177707e-08
R_C120CPT1	-6.831921556260667e-09
R_C121CPT1	-6.831920570937733e-09
R_C4DCe	-8.716429546890003e-09
R_C4tcx	1.938986261119241e-05
R_C4tmc	-5.165490724105132e-06
R_C51CPT1	-6.831920321137552e-09
R_C12DCTD	2.714938475513462e-06
R_C12DCe	-8.7164172581089e-09
R_C5DCe	-8.716429314437057e-09
R_C60CPT1	5.483441987766402e-06
R_RE3179M	-1.0540376627066195e-08
R_C6COAt	-5.488389398723009e-06
R_RE3180C	-2.847121491553195e-07
R_FAOXC122m	1.2922241138926815e-05
R_C6DCCACT	-2.3440084641924985e-06
R_C6DCc	2.337176560118781e-06
R_C80CPT1	-6.147764314598514e-05
R_C81CRNe	-8.71643011934875e-09
R_SK_dd2coa_c	6.831920557059945e-09
R_DDCRNe	-8.71643239530595e-09
R_SK_decdicoa_c	6.831920557059945e-09
R_DOCOSACT	1.2042344432038206e-06
R_DOCOSACTDe	1.3873118149022867e-06
R_DOCOSACTDr	-2.4759155719599607e-05
R_DOCOSCOAtxc	1.4135268932332552e-06
R_EX_3hdececrn_e	-9.554587537818904e-09
R_EX_3ivcrn_e	-9.344018930129705e-09
R_EX_3thexddcoacrn_e	-9.554626086843987e-09
R_EX_c101crn_e	-9.344018784412933e-09
R_EX_c10crn_e	-9.344017157242313e-09
R_EX_c10dc_e	-9.344043531978041e-09
R_EX_c12dc_e	-9.344040340086845e-09
R_EX_c3dc_e	-9.344024540225426e-09
R_DOCO13EFATP	5.305565441010573e-07
R_FAOXC16C16OHm	-9.286010405062939e-09
R_EX_c4dc_e	-9.344020009127707e-09
R_FAOXC123C102x	9.612297149831639e-06
R_FAOXC16DCC14DCx	7.1727116092920595e-06
R_FAOXC16DCr	7.165879697068611e-06
R_FAOXC16OHC16r	8.100148181584828e-06
R_FAOXC170150m	-9.316733565190027e-09
R_FAOXC181C181OHm	-9.286011432019237e-09
R_FAOXC123m	1.5017577114098679e-05
R_FAOXC182C162m	3.47478415749225e-06
R_FAOXC183C163m	6.3090283496380906e-06
R_EX_c5dc_e	-9.344020234641759e-09
R_FAOXC120100x	4.057992412933968e-06
R_EX_c6crn_e	-9.344018815637956e-09
R_EX_c8crn_e	-9.344017629087098e-09
R_EX_decdicrn_e	-9.344018784412933e-09
R_FAOXC184C163x	5.759859257234955e-06
R_FAOXC184C164m	2.3577357995407944e-06
R_FAOXC184m	3.3882518392439054e-06
R_FAOXC185C164m	1.0110581913760908e-05
R_FAOXC18C18OHm	-9.286008892384068e-09
R_EX_docosac_e	8.239953156255475e-07
R_EX_docosdiac_e	1.8222912464491148e-06
R_EX_dca_e	-4.906501663293206e-09
R_FAOXC204C205x	5.759859255778654e-06
R_FAOXC101C8x	9.211574938148594e-06
R_FAOXC12DCC10DCx	6.794280982630463e-06
R_FAOXC101x	9.097372582866914e-06
R_FAOXC102C101m	8.610103087898502e-06
R_FAOXC102C81m	1.5017577114077862e-05
R_FAOXC221C201x	2.8408065554704626e-06
R_FAOXC225C204m	3.3882518387096106e-06
R_FAOXC225C226m	3.388251837169176e-06
R_FAOXC225C226x	5.7598592533500415e-06
R_FAOXC102C81x	9.612297149766587e-06
R_FAOXC102m	1.501757711409174e-05
R_FAOXC102x	9.6122971498247e-06
R_FAOXC226C225m	3.3882518378006155e-06
R_FAOXC227C226m	1.4126823036857139e-05
R_FAOXC12DCc	2.331560449445047e-06
R_FAOXC22C22DCHYr	4.865760561326167e-07
R_FAOXC22OHC22r	1.3357151885480356e-06
R_FAOXC103C102m	1.5017577114105618e-05
R_FAOXC103C102x	9.612297149855925e-06
R_FAOXC10C10OHm	6.411152377559792e-06
R_FAOXC10080m	6.011234268674115e-06
R_FAOXC10080x	6.734306307962928e-06
R_FAOXC121C101m	4.3373951233022234e-06
R_FAOXC3DC	-6.831918100691503e-09
R_FAOXC4020m	2.094742229019793e-06
R_FAOXC4C4DCc	3.5284622185716152e-06
R_FAOXC61m	1.501757711409174e-05
R_FAOXC6C4x	3.1980515333507667e-06
R_FAOXC6DCC4DCx	3.2120512934944584e-07
R_EX_dchac_e	0.0002084042149317726
R_FAOXC12DCx	-2.3365078481614454e-06
R_FAOXC81C61m	1.5017577114070924e-05
R_FAOXC8C6m	8.765175948728665e-06
R_FAOXC8DCC6DCx	2.228997060055131e-06
R_FAOXC13BRC11BRx	-1.1276899908665983e-08
R_FAOXC9C7m	-9.869281433760868e-09
R_FAOXOHC16C16DCc	7.653161194789981e-06
R_FAOXOHC22C22DCc	1.3357151895931896e-06
R_STCOATxc	2.221812920764725e-06
R_SUBERCROT	-1.483267843736813e-06
R_FAOXC13C11m	-9.526676808535584e-09
R_SUBERICACT	2.3479347751771684e-06
R_SUCCCROT	-3.533409629486589e-06
R_FAOXC141C141OHm	-9.286031152355712e-09
R_TDCRNe	2.096806073885113e-05
R_FAOXC142C122m	1.2922241138926815e-05
R_SK_tetdec2coa_c	-9.069711627840427e-06
R_SK_tetdece1coa_c	6.831920557059945e-09
R_TETDECE1CRNe	-8.71643011934875e-09
R_TIGCRNe	-8.71642982444576e-09
R_FAOXC142C122x	5.759859258934116e-06
R_FAOXC143C123m	1.5017577114098679e-05
R_FAOXC143C123x	9.612297149803883e-06
R_FAOXC140120m	2.43917377529268e-06
R_FAOXC14C14OHm	3.940829836235338e-06
R_FAOXC15ATPx	1.5686733084198379e-06
R_34DHPHELAT1tc	5.105037313088423e-06
R_4OHPROIMINOtc	1.199062186824757e-05
R_ALAALACNc	-1.2616632149228812e-05
R_FAOXOHMC10DC10c	-8.70655753049121e-09
R_FAOXTC162TC142m	5.5401869962501404e-06
R_FAOXTC182TC162m	8.687725949904634e-06
R_ALAALAPEPT1tc	-3.329601780920066e-09
R_ALAyLATthc	3.062326308322927e-05
R_FAOXC15BRC13BRx	-5.901756533130409e-09
R_ARGATB0tc	3.6837591666282144e-06
R_FOAXC122C101x	5.7598592593972875e-06
R_FAOXC15NADx	-5.548081039724595e-09
R_ASNATB0tc	3.5205096223372165e-06
R_BALAt2r	2.5580134048118833e-05
R_HDCACBP	-6.831922499950238e-09
R_BGLUTDECHOe	-3.327754561494034e-09
R_FAOXC161C141m	4.328109092274768e-06
R_BTNTe	3.9814082927518146e-05
R_FAOXC161C141x	2.840806556320477e-06
R_CARPEPT1tc	1.0463700078598768e-05
R_CYSSNAT5tc	-1.4056966224586156e-05
R_CYSTLEUrBATtc	3.7301650085264754e-06
R_HEXDIACtr	7.165879697117183e-06
R_HEXDICOAACBPx	7.172711609076954e-06
R_HIVCACBP	-6.831920501548794e-09
R_GALSGLT1le	1.4083859542825012e-06
R_HIVCRNe	-8.716430015265342e-09
R_FAOXC161C161OHm	-9.28603084704438e-09
R_HTDCACBP	-6.83192166728297e-09
R_HTDCRNe	-8.716431378757994e-09
R_IVCOAACBP	-9.102863823828855e-09
R_GLNATB0tc	3.522204861431121e-06
R_GLYPHEPEPT1tc	-3.3296022408386278e-09
R_GUMDCHAe	-3.327754766191404e-09
R_IVCRNe	-9.273348131055847e-09
R_LGNCCOAtcx_1	1.5739294443625385e-06
R_GUMGCHLe	-3.3277546898635713e-09
R_NRVNCCOAtxc	1.573790476517183e-06
R_GUMTCHOLe	-3.3277546933330182e-09
R_OCD11COACPT1_1	3.2316469783660873e-06
R_FAOXC162C162OHm	-9.285971255823533e-09
R_OCT11EFATP_1	1.1816090477734242e-06
R_OCTDECCPT1	-5.516992321319414e-09
R_HISSNAT5tc	1.1460901207611604e-06
R_HISyLATtc	2.2108745635081306e-05
R_FAOXC163C142x	5.759859258668704e-06
R_HPETFABP1tc	1.949244174241291e-08
R_LEUATB0tc	3.521474059192762e-06
R_LEUGLYPEPT1tc	-3.3296022166609193e-09
R_LEULEULAPc	-1.2041870586634862e-05
R_LEULEUPEPT1tc	1.0357773690180833e-05
R_OCTDECE1CRNe	-9.151142184304906e-09
R_SK_octdececoa_c	5.51699231438052e-09
R_OMHDEACIDTD	-7.436906795249554e-09
R_SBCOAACOTx	2.6973646785263816e-06
R_SCP21cx	2.219675841703267e-06
R_LINOFATPtc	1.5164199543456214e-06
R_METATB0tc	3.5139392618577085e-06
R_NACHORCTL3le	9.67441978464616e-09
R_OLEICFATPtc	1.2749290535449265e-06
R_FAOXC163C164Gm	9.447456981448443e-06
R_ORNALArBATtc	3.5760309126894353e-06
R_FAOXC163C164x	5.759859257672972e-06
R_ORNLEUrBATtc	3.57032888584779e-06
R_PECGCHLe	-3.3277552657917653e-09
R_PHEATB0tc	3.519343479373258e-06
R_EX_gltdechol_e	-6.6561654105123935e-09
R_EX_glysar_e	-3.3296025971074616e-09
R_EX_gumtchol_e	-6.6561657713348765e-09
R_EX_leugly_e	-3.329602215468297e-09
R_EX_leuleu_e	1.2041870586603637e-05
R_PHEyLATthc	3.111889935300538e-05
R_PROIMINOtc	1.0812334003442543e-05
R_EX_pect_e	-4.919516183310435e-12
R_PSYGCHe	-3.3277545476162462e-09
R_FAOXC163Gm	9.44745698146926e-06
R_EX_pectingchol_e	-6.656166583185463e-09
R_EX_pectintchol_e	-6.6561665727771224e-09
R_EX_psyl_e	-4.920168439337402e-12
R_EX_psylchol_e	-6.656165466023545e-09
R_EX_psyltchol_e	-6.656165452145757e-09
R_EX_slfcys_e	1.1995555566114702e-06
R_THMATPe	2.2359159856412403e-06
R_TRPATB0tc	3.5218539888979037e-06
R_TYRATB0tc	3.5232271184126727e-06
R_VALATB0tc	3.518616785791565e-06
R_VITEtl	5.838706958362708e-06
R_FAOXC163x	5.759859258394617e-06
R_3AIB_Dtm	-8.862044619292742e-06
R_EX_pan4p_e	-4.692642635584221e-09
R_EX_ptth_e	-5.012009737792589e-09
R_EX_q10h2_e	5.168785022456601e-07
R_3HCO3_NAt	-3.5785649035585676e-05
R_FAOXC164C143m	1.2468317713218435e-05
R_4ABUTtcn	3.1194834578571196e-05
R_4HPROLTASCT1	1.76766918174448e-05
R_ADNt5	2.3655085506001317e-06
R_FAOXC164C143x	9.612297149797812e-06
R_AHCYStm	-4.6362650797625304e-06
R_FADDPle	1.0395810102101569e-05
R_FAOXC164C163x	5.75985925806155e-06
R_FE2DMT1	3.324686091630419e-06
R_FOLt2	-5.097714739114509e-05
R_ALA_DTDe	7.373087025269384e-05
R_ASPDTDe	7.821028080147452e-06
R_ASPPROASCT1	5.9649007607784355e-05
R_BTNt3i	1.9498248339522295e-06
R_FRDPtcr	3.713183930352526e-06
R_G6PDH2c	0.00014171789576415683
R_FAOXC164C165m	1.2468317713273946e-05
R_GLU5SAtmc	5.203884140734735e-05
R_G3PDm	5.257887083134211e-06
R_GNDc	2.3416172615919884e-06
R_GSNt5	2.3678103112771427e-06
R_HYPTROXe	-2.9568312555350307e-09
R_CHSTEROLtrc	-1.98444971441121e-05
R_CRNtp	-5.091447558194795e-05
R_CYTDt5	2.370022823596636e-06
R_Coqe	-4.807182551330724e-07
R_DCTPtm_cho	5.460370156411265e-07
R_DGTPtm_cho	2.8716195320799276e-06
R_DM_taur_c	9.846284675547878e-06
R_DM_pmtcoa_r	2.419119062650049e-05
R_DSREDUCr	5.076136184167801e-07
R_INSK	2.5016478425697597e-06
R_FAOXC164m	1.246831771325313e-05
R_Kt3r	-2.6110566626099535e-05
R_LACLt	0.00023134100281970923
R_DTMPKm	3.559207927522623e-06
R_DTTPtm_cho	2.269560985545399e-06
R_EX_4hpro_LT_e	2.0226930599401283e-06
R_EX_bglc_e	-4.920168439337402e-12
R_MAL_Ltx	0.00012447331765352843
R_EX_carn_e	1.5241147899129615e-06
R_FAOXC164x	9.612297149810822e-06
R_FAOXC165C164m	1.2468317713273946e-05
R_EX_glgchlo_e	-6.656165466023545e-09
R_MDHp	-0.0001244733176537366
R_SK_5HPET_c	-0.0001596627482675847
R_EX_crtn_e	5.822987647639832e-06
R_SPRMti	-3.2908414224143596e-07
R_TAURt	1.929186190608237e-05
R_URIt5	2.370104190135773e-06
R_q10h2tc	-7.3889441319467675e-06
R_34HPPte	-1.032207282903111e-05
R_3MOBte	-5.598005673887463e-06
R_EX_cyst__L_e	1.7786181033194182e-06
R_EX_dcmp_e	6.325433847542694e-07
R_3MOPt	-5.805206555548059e-06
R_4HPRO_LTte	3.6633768893609697e-06
R_5MTAte	-1.4455857335938377e-05
R_5OXPROt	-0.00012771684585082335
R_AICARte	-2.8191139950943522e-05
R_ANTHte	-3.3793017798558478e-06
R_NADtm	-1.5820874505724503e-05
R_NADtx	1.0426977890987815e-05
R_OCDCAFATPc	1.2678511147820593e-06
R_CBASPte	-9.326595513392544e-07
R_DM_4hpro_LT_m	2.019967434846448e-06
R_DM_Lcystin_c	1.6422292869272548e-05
R_P5CR	5.207324035313987e-05
R_DM_ncam_c	0.0004098523901293165
R_PHEMEt	-5.732415593664997e-07
R_EX_34hpp_e	1.0322072828819473e-05
R_EX_glyald_e	4.197618342735576e-05
R_EX_3mob_e	5.598005673790318e-06
R_EX_3mop_e	5.805206555443976e-06
R_EX_ahcys_e	1.1781859335924239e-06
R_PNTEHe	-9.600599860243308e-09
R_PPItm	0.0008459219715531568
R_PRO_Dtde	-3.545729286586613e-06
R_PTPATe	6.674839751995287e-06
R_Q10H2e	5.168785015968735e-07
R_RTOTAL2FATPc	4.49873631581596e-06
R_RTOTALFATPc	4.581510548827897e-05
R_SFCYSc	1.1995555559175808e-06
R_EX_aicar_e	2.8191139950981686e-05
R_EX_anth_e	3.3793017800015646e-06
R_MALt	-1.1019255633459846e-05
R_SFCYSe	1.1995555562645255e-06
R_IDOURte	-5.0765342367656285e-06
R_EX_icit_e	1.1307515571313403e-05
R_EX_idour_e	5.07653423688359e-06
R_5HOXINDOAtr	-1.771336086982599e-06
R_TCHOLABCtc	1.0083854213427408e-06
R_TYRB0AT3tc	1.7194397294470613e-08
R_VALB0AT3tc	1.7194166244236287e-08
R_CGMPt	2.0139332173180202e-06
R_PEPtr	3.4708691728640995e-06
R_GUDACtr	1.1974765318004815e-05
R_GUDACtr2	-2.0727614617448847e-05
R_LKYNRtr	2.4630071568061684e-05
R_CALAtr	0.00015022333410699348
R_KYNATEtr2	-2.1482449223328426e-06
R_3ANTHRNtr	-1.626859346973153e-06
R_GALt4	-1.9780708934712967e-06
R_GLCt4	-0.000180109914598877
R_HKYNRtr	-1.2745605744990396e-06
R_EX_Lkynr_e	2.4079351167299867e-06
R_DMGLYtr	-2.1681946218328474e-06
R_ETHAMPtr	-3.210313492853223e-06
R_MANt4	-1.7742563822328405e-06
R_TCHOLAt3	2.2375288689091555e-06
R_EX_quln_e	1.7092777745281174e-08
R_EX_xmp_e	2.425548354089216e-05
R_TRPt	3.0688013362660874e-05
R_FUMtr	-8.040823482182574e-06
R_EX_3pg_e	1.7934837445471308e-05
R_G3PCt	-1.8024248143490296e-06
R_GLCURtr	-1.5861069377488823e-05
R_Kt1	-2.5407042641424973e-05
R_XANt	-4.6396534905211034e-05
R_EX_3hanthrn_e	1.6268593470911141e-06
R_RETt	8.664711180805893e-06
R_EX_glyc3p_e	3.1211305462630623e-06
R_ALAPAT4te	2.8376289606540234e-05
R_AVITE1t	2.3238897308578755e-06
R_L_LACt4r	-1.693523597023459e-11
R_GLYCLm	-0.00011998497526812804
R_ARGSUCte	1.0599882000136146e-05
R_3PGtr	-1.793483744551988e-05
R_GLYC3tr	-3.1211305459161176e-06
R_EX_2pg_e	4.044239490234858e-06
R_ACRNte	5.2683415636384234e-05
R_PCRNte	7.114712541953644e-05
R_ARACHDFATPtc	1.297054964970873e-06
R_STCRNte	7.114712541956073e-05
R_EX_acrn_e	-8.10174380708184e-09
R_LCAT20e	7.829330656182118e-07
R_BUTSMCT1	-1.6310922826856948e-11
R_LCAT22e	7.829330656190792e-07
R_LCAT27e	1.3584735399324414e-06
R_EX_pcrn_e	-8.101743942390272e-09
R_EX_lneldccrn_e	-8.101743775856818e-09
R_EX_odecrn_e	-8.101743855654098e-09
R_EX_pmtcrn_e	-8.101743845245757e-09
R_LCAT29e	7.829330656182118e-07
R_LCAT31e	7.829330656182118e-07
R_Clt	3.259560624166479e-07
R_LCAT33e	7.829330656182118e-07
R_LCAT34e	7.829330656195128e-07
R_LCAT36e	7.829330656190792e-07
R_DM_ascb__L_c	-5.393632013239724e-09
R_PCREATte	4.118300146876974e-06
R_BGLYte	-6.094913081178266e-09
R_BIOMASS_maintenance	9.917642788959125e-08
R_LCAT39e	7.829330656212476e-07
R_LCAT42e	1.290227152031271e-06
R_LCAT43e	1.3998185684461172e-06
R_BIOMASS_maintenance_noTrTr	1.0448056554993035e-07
R_15KPROSTGF2c	2.07241714857663e-06
R_ADPOHc	5.308769124048179e-06
R_AND19ONEc	5.704248877140723e-07
R_DESAT14_9	4.651828103621747e-06
R_LCAT44e	2.0838145420869376e-06
R_LCAT45e	7.740354256869503e-07
R_LCAT46e	1.3998185684478519e-06
R_LCAT49e	7.829330656182118e-07
R_LCAT50e	7.829330656199465e-07
R_LCAT52e	7.617090346536369e-07
R_21HPRGNLONE	5.932813458883854e-07
R_HMCRNc	9.338994307120374e-07
R_LCAT10e	7.829330656190792e-07
R_LCAT11e	7.829330656182118e-07
R_CRNATBtc	3.4001485922822516e-06
R_LCAT14e	7.829330656190792e-07
R_LCAT6e	7.829330656199465e-07
R_LCAT7e	7.829330656182118e-07
R_LCAT55e	1.4062556291881932e-06
R_LCAT8e	7.829330656182118e-07
R_LCAT16e	2.0278510493624245e-06
R_SMS10	1.718919825782761e-06
R_LCAT17e	2.0179185379249655e-06
R_DHEASABCCte	1.6326109487669872e-06
R_SMS11	1.718919825782761e-06
R_SMS12	1.718919825782761e-06
R_SMS13	1.718919825782761e-06
R_DOPAENT4tc	3.5328456565730804e-07
R_SMS2	1.718919825782761e-06
R_MAGLINL_HSe	2.0709176193757332e-06
R_SMS3	1.7189198257896998e-06
R_SMS4	1.718919825782761e-06
R_SMS5	1.718919825782761e-06
R_SMS8	1.718919825782761e-06
R_XOLEST182CEH	-5.99168922116311e-09
R_XOLEST226CEH	-5.991688917586502e-09
R_LPS6e	2.0709176193757332e-06
R_LPS7e	2.0709176193757332e-06
R_PCHOLOLE_HSPLA2	6.245140113381176e-07
R_PEOLE_HSPLA2	9.896839735651364e-07
R_PCHOLPALME_HSPLA2	6.245140113381176e-07
R_PAILPALM_HSPLA2	2.166176771262185e-06
R_ESTRAABCtc	1.014012211873835e-06
R_PCHOL2LINL_HSPLA2	6.245140113381176e-07
R_PE2LINL_HSPLA2	6.314693838382901e-07
R_PCHOLN225_HSPLA2	6.245140113519954e-07
R_PCHOLN2254_HSPLA2	6.245140113519954e-07
R_PEAR_HSPLA2	9.562595951473352e-07
R_PCHOL2PALM_HSPLA2	7.190979786214635e-07
R_PCHOLAR_HSPLA2	6.245140113381176e-07
R_PCHOLN1836_HSPLA2	6.245140113381176e-07
R_PE203_HSPLA2	6.314693838382901e-07
R_PE226_HSPLA2	9.896839735651364e-07
R_PE224_HSPLA2	1.221273511695098e-06
R_PEDH12_HSPLA2	1.2816277401295206e-06
R_PEDH13_HSPLA2	9.896839735651364e-07
R_PEDH15_HSPLA2	1.2816277401295206e-06
R_PCHOLN203_HSPLA2	6.245140113381176e-07
R_ARACHETH	1.4917787381323044e-06
R_BILIVERDt	3.3855064455329265e-07
R_PCHOLN24_HSPLA2	6.245140113519954e-07
R_PCHOLN261_HSPLA2	7.190979786214635e-07
R_ESTRSABCtc	1.01347658060743e-06
R_PCHOLN281_HSPLA2	7.190979786214635e-07
R_C02356t	7.841584448359251e-06
R_PCHOLDOC_HSPLA2	6.245140113519954e-07
R_PCHOLDET_HSPLA2	6.245140113519954e-07
R_PCHOLHEP_HSPLA2	6.245140113381176e-07
R_PELINL_HSPLA2	9.896839735790142e-07
R_C02712te	2.347291579019202e-05
R_C02712tm	-1.2373671031386257e-05
R_FOLABCCte	2.3257351027261564e-06
R_C03990tr	-5.685371982831755e-06
R_FOLOAT2tc	-1.2862567190811474e-13
R_C03990tx	-1.0911866275518933e-06
R_C04483t2	0.00020600396430388995
R_C04717ATP	2.2208117152998363e-06
R_FACOAE160	4.8357022288461615e-06
R_GPDDACHOL	3.03026573283266e-06
R_ACLYSHYc	-1.7467935980106097e-06
R_EX_3mtp_e	3.172623358932425e-05
R_ELAIDCRNte	0.00011111208230629721
R_GLYC2P3Pc	-1.7239167735688676e-07
R_LNLCCRNNAt	0.0001111120823062868
R_PHLACHt	1.5164454840729119e-05
R_C04805td	3.6158282337491604e-05
R_C05463t1	2.238236243554126e-06
R_C05463t2	4.6619390083577766e-05
R_C05953t	-4.231469846616501e-05
R_C06314t	9.105886540398955e-06
R_C06439t	-4.133451799092844e-05
R_12HPETATP	4.060294011280774e-06
R_15HPETATP	6.4578621245606205e-06
R_C11695td	8.549124664511409e-07
R_21HPRGNLONEt1	2.2196095528781434e-06
R_C14768td	-2.0277447570007934e-07
R_2OXOADPt	4.713546793461143e-06
R_GABABGTtc	-9.445837569461394e-07
R_3HPPNOHGLUCte	-8.975084314633008e-09
R_GLUB0AT3tc	1.720495438138266e-08
R_3HPPt	2.8129545268373857e-06
R_3MHISt1	9.202610182001275e-05
R_3MHISt2	3.8606876788849914e-05
R_3MOXTYRt	-1.9250702659248664e-06
R_3UIBtd	1.4607320747359043e-06
R_56DTHMt	0.00011161846582507726
R_EX_C14769_e	2.0181116258885523e-06
R_C14770ATP	5.451525430955756e-06
R_C14826ATP	2.2227903308282004e-06
R_CE0328t	2.1856268545908386e-06
R_56DURAtd	-0.00011065274851830911
R_7DHCHSTEROLtd	4.370400955147624e-06
R_CE1243ATP	5.0203141323638956e-06
R_GLYB0AT3tc	1.719472894836703e-08
R_CE1556td	1.7803472200955683e-05
R_CE2028t	2.223244089979981e-06
R_ACGLUtd	9.728594220211745e-06
R_ACGLYte	1.681058527646523e-05
R_ACORNt	3.122502256758253e-17
R_NRVNCt	7.953377096418454e-05
R_CE4843td	5.718834510254345e-07
R_ACTHRtc	2.6236186311048848e-05
R_CE6247t	3.500819020438306e-06
R_H2OGLYAQPt	7.504131675051262e-06
R_CE7083t	2.8580496399845112e-06
R_ACTHRte	2.6236186311073134e-05
R_AND19ONEt	5.704248876407803e-07
R_CE7172ATP	6.34805765375307e-06
R_ILEB0AT3tc	1.719412945440527e-08
R_DOCOHEXETHc	1.6144532513015508e-06
R_DOCTETETH	1.6976394412622497e-06
R_LEUB0AT3tc	1.7194309477980134e-08
R_DODECANACt	2.219421617377648e-06
R_DODECANACtd	-1.8360435908547357e-06
R_EX_56dthm_e	1.0065497970009052e-06
R_EX_56dura_e	9.248848179509161e-07
R_EX_5HPET_e	2.636169821404813e-05
R_EX_acthr__L_e	2.623618631109395e-05
R_EX_adpoh_e	5.308769123770624e-06
R_EX_amet_e	1.3219218295071333e-06
R_ELAIDCRNtd	-0.00011111829954058364
R_EX_15HPET_e	3.0777978641816084e-06
R_EX_15kprostgf2_e	7.09735934110306e-07
R_EX_21hprgnlone_e	5.932813459917641e-07
R_EX_3hmp_e	7.338646503578933e-06
R_EX_3mhis_e	1.3120236280150105e-05
R_EX_and19one_e	5.704248875713913e-07
R_EX_aracheth_e	1.4917787386284354e-06
R_EX_C02356_e	7.841584448629868e-06
R_EX_C02712_e	2.3472915790183346e-05
R_EX_C04717_e	1.9351295806394053e-06
R_LGNCFATPtc	1.2528572498511636e-06
R_EX_C05957_e	7.138801344057366e-07
R_METB0AT3tc	1.719393148396698e-08
R_EX_C06314_e	9.105886540392016e-06
R_EX_pcholet_hs_e	1.4074470776268e-06
R_EX_C14771_e	1.7074239399526847e-06
R_NACSMCTte	-2.811487608427108e-08
R_EX_CE1273_e	4.8501708946119965e-05
R_EX_CE2176_e	1.3523496130013468e-06
R_EX_pcholn201_hs_e	1.4074470776302694e-06
R_EX_pcholn205_hs_e	1.4074470776337389e-06
R_EX_pcholn226_hs_e	1.4074470776233305e-06
R_EX_pcholn24_hs_e	1.4074470776268e-06
R_EX_eidi1114ac_e	2.7934648283364782e-06
R_PGLYCABCte	2.217604957291397e-06
R_EX_CE6031_e	3.9448077423370753e-07
R_EX_CE7082_e	2.9844515210993017e-06
R_EX_pcholn261_hs_e	1.4808070142383056e-06
R_EX_pcholpalm_hs_e	1.4074470776302694e-06
R_EX_pe14_hs_e	1.4055048101827006e-06
R_EX_pe15_hs_e	6.535983148141244e-07
R_EX_pe161_hs_e	7.750492921412833e-07
R_EX_pe203_hs_e	1.4055048101827006e-06
R_EX_pe226_hs_e	7.750492921412833e-07
R_EX_CE7083_e	2.8580496403141087e-06
R_EX_docohxeth_e	1.6144532517733956e-06
R_EX_elaidcrn_e	-8.10174385218465e-09
R_EX_HC00900_e	2.3880811919549383e-06
R_EX_hexdiac_e	4.872814975930007e-07
R_EX_hgentis_e	1.3812569404150765e-06
R_EX_leuktrB4wcooh_e	3.4715487209624474e-06
R_EX_pe2linl_hs_e	1.4055048101827006e-06
R_EX_pear_hs_e	7.975004995310064e-07
R_EX_pendecaeth_e	1.3559219851216886e-06
R_EX_lineth_e	1.6144532517699262e-06
R_PHEMEABCte	4.524433665220595e-07
R_EX_lnlccrn_e	-8.101743855654098e-09
R_EX_Lpipecol_e	1.1311448412116426e-05
R_EX_pepalm_hs_e	7.750492921412833e-07
R_EX_peste_hs_e	6.594769931117517e-07
R_EX_pmeth_e	1.6144532517699262e-06
R_EX_lthstrl_e	3.5964638151614325e-07
R_EX_maglinl_hs_e	2.0709176196988255e-06
R_EX_sebacid_e	3.615779131313501e-07
R_EX_sphmyln180241_hs_e	1.7189198269068617e-06
R_EX_magste_hs_e	2.0709176196988255e-06
R_EX_mev__R_e	6.24188898830369e-06
R_EX_sphmyln18114_hs_e	1.7189198269068617e-06
R_EX_sphmyln18115_hs_e	1.7189198269103312e-06
R_EX_pailpalm_hs_e	3.572432401396236e-06
R_EX_pailste_hs_e	2.0179185383703557e-06
R_EX_sphmyln18116_hs_e	1.7189198269103312e-06
R_EX_pchol2linl_hs_e	1.4074470776302694e-06
R_EX_pchol2ole_hs_e	1.4074470776302694e-06
R_EX_pchol2palm_hs_e	1.4808070142383056e-06
R_EX_pcholar_hs_e	1.4074470776337389e-06
R_EX_sphmyln181181_hs_e	1.7189198269068617e-06
R_EX_sphmyln18120_hs_e	1.7189198269068617e-06
R_EX_sphmyln18121_hs_e	1.7189198269103312e-06
R_EX_sphmyln18122_hs_e	1.7189198269068617e-06
R_EX_sphmyln181221_hs_e	1.7189198269068617e-06
R_EX_subeac_e	3.4942990400146923e-07
R_GALTt	2.3254292971640333e-05
R_EX_tetdeca511ac_e	9.076543548452998e-06
R_PPASMCT1	-1.7210026183294887e-11
R_EX_thrnt_e	-9.739283202830906e-09
R_GLYC2Pte	3.2026574105399608e-06
R_GLYCLTt	-1.1040784026632167e-05
R_HC00319t2	1.4434588814980082e-05
R_HC00900t1	8.19098702729594e-05
R_EX_ttdcrn_e	-8.101743834837416e-09
R_EX_txb2_e	1.2893046821213505e-06
R_EX_wharachd_e	3.9465122173704126e-08
R_HC00900t2	-0.0001652242462606146
R_HC00900t3	-1.734220771983791e-06
R_EX_xolest181_hs_e	1.3584735404116588e-06
R_PROPAT4te	3.0168137253679464e-05
R_EX_xolest182_hs_e	-5.9916891968769814e-09
R_HC00900t4	8.743667795128862e-05
R_HEXDECEETH	1.6144532513015508e-06
R_EX_xolest204_hs_e	1.3584735404116588e-06
R_FORGLUt	2.256613539780572e-08
R_HEXDIACATP	2.219514642687326e-06
R_PYRSMCT1	-1.750292136336795e-11
R_HGENTISt	1.3812569405330377e-06
R_HMCRNt	9.338994321934913e-07
R_HXCOAx	2.6916170266792078e-05
R_RETABCtc	2.1318376996315013e-06
R_LCYSTt	-1.2372213472229554e-06
R_LEUKTRB4WCOOHt	3.4715487207438722e-06
R_LEUKTRB4WOHt	4.989488884530463e-06
R_EX_achom__L_e	-8.883025655326282e-09
R_PHACGLYt	1.7870755810306393e-06
R_EX_phacgly_e	1.7870755812179895e-06
R_ESTRIOLATP	2.2193244106800958e-06
R_r1528	2.261529021507086e-06
R_EX_3moxtyr_e	1.3898902245200462e-06
R_EX_alltn_e	2.550377074167498e-06
R_EX_glyc2p_e	3.2026574109181305e-06
R_LEUKTRB4WOHtr	2.11226633288486e-06
R_LNLCCRNtd	-0.00011111829954058364
R_LPIPECOLt	1.131144841208867e-05
R_EX_glyclt_e	1.104078402667033e-05
R_SERB0AT3tc	1.7194278688986937e-08
R_EX_oaa_e	9.716777417612815e-06
R_EX_phlac_e	1.5164454840555647e-05
R_EX_ttdcea_e	5.460347632008783e-06
R_LTHSTRLABCt	2.219400371396979e-06
R_MI1Pt	-8.044778482907758e-05
R_NWHARGtd	3.4466385135760447e-06
R_TTDCEAt	3.2363564004440903e-06
R_SRTNENT4tc	-1.194499300446062e-05
R_7KLITCHOLc	2.6084715928874347e-06
R_HC02197c	1.6781082880906694e-08
R_HC02198c	1.6777172159510813e-08
R_EX_alaargcys_e	8.80647304661586e-06
R_DCHOLESTANCOAc	1.070790490359519e-06
R_HC02195te	8.684294455357788e-06
R_HC02196te	8.68450689421596e-06
R_PEPALM	1.6144532513015508e-06
R_PSERtr	4.327589664631509e-05
R_STEETH	1.3683740579181758e-06
R_TETDECA511ACt	2.2272315435660495e-06
R_TETDECAETH	1.3559219845700465e-06
R_TXB2c	4.193941748146732e-05
R_TXB2t	1.289304681628689e-06
R_ACILEtm	1.9971497917235792e-05
R_ACLEUm	1.7718081334938685e-05
R_ACLEUtm	1.7718081334980318e-05
R_EX_acleu__L_e	1.7718081335053176e-05
R_HC02220te	5.883676919116176e-06
R_G3PD1irm	-1.7664857022019892e-05
R_DM_k_c	-4.993693798749366e-09
R_BZCOAFm	-9.534255426824068e-09
R_BGLYFm	-1.0711378943539795e-08
R_PHACCOAGLYACm	2.8384989251517987e-06
R_PHEACGLYsec	2.8384989253192605e-06
R_ACHOMtm	-6.693824911030433e-09
R_ACHOMte	-7.788425283178357e-09
R_PCRESOLup	-5.256503756573272e-09
R_EX_alaarggly_e	8.231856212320698e-06
R_EX_pheacgly_e	2.8384989253643633e-06
R_EX_bz_e	-8.395782822440134e-09
R_EX_alaglylys_e	8.92994476921205e-06
R_EX_pcresol_e	-2.3684720816541383e-09
R_EX_pcs_e	-9.60703775906846e-09
R_NORMETEt	2.3306255080811356e-06
R_EX_hisargser_e	5.426868804933593e-06
R_EX_hiscyscys_e	7.238115963849323e-06
R_EX_alahisala_e	1.4768239263197869e-05
R_EX_hisglu_e	8.486777724126676e-06
R_C05300t	2.889444372586314e-07
R_RETINALt	4.217278958822818e-05
R_MALTTTRt	4.809534055738585e-09
R_1MNCAMt	-7.03503014105114e-05
R_EX_hisglugln_e	5.977228524176037e-06
R_EX_hislysala_e	8.34818764652856e-06
R_EX_hislysglu_e	5.722721096577954e-06
R_EX_C05300_e	2.889444371927119e-07
R_EX_argalaala_e	1.2613302547332533e-05
R_EX_retinal_e	4.0040951888593856e-05
R_EX_1mncam_e	7.263633800714403e-05
R_EX_progly_e	1.12342395195697e-05
R_EX_dhbpt_e	2.3906714025356823e-06
R_EX_hislysthr_e	6.3315955217690956e-06
R_EX_hislysval_e	6.396258578778707e-06
R_EX_hismetgln_e	6.508386574000796e-06
R_EX_hisphearg_e	5.5778404344647425e-06
R_EX_hisprolys_e	6.172998044895461e-06
R_EX_histrphis_e	5.9435624570024215e-06
R_EX_ileargile_e	7.523720859888006e-06
R_EX_argalaphe_e	8.107243872155362e-06
R_EX_ileasp_e	1.0324466669323767e-05
R_EX_ileprolys_e	7.362662462817582e-06
R_EX_prolyspro_e	6.725501522291538e-06
R_EX_prophe_e	9.965894173648987e-06
R_EX_argalathr_e	8.853724063215274e-06
R_EX_proproarg_e	6.299127300379848e-06
R_EX_propropro_e	7.587579108514486e-06
R_EX_leuasnasp_e	7.034061404970898e-06
R_EX_leuasplys_e	6.071991650091757e-06
R_EX_protrplys_e	6.298741515076839e-06
R_EX_provalgln_e	7.357420855523544e-06
R_EX_leuleutrp_e	7.074673950481503e-06
R_EX_argarg_e	6.8680946266296006e-06
R_EX_leuproarg_e	6.305332912032863e-06
R_EX_leusertrp_e	6.525586671711492e-06
R_EX_serlyshis_e	5.747753516867349e-06
R_EX_thrglntyr_e	6.619928183026341e-06
R_EX_thrphearg_e	6.1845011818800755e-06
R_EX_thrserarg_e	6.001865259553513e-06
R_EX_leutrp_e	9.706265019119448e-06
R_EX_thrthrarg_e	6.636609729430976e-06
R_EX_leuval_e	1.1222943054341183e-05
R_EX_thrtyrmet_e	7.126753011083703e-06
R_EX_lysargleu_e	3.2082914921301164e-06
R_EX_argarglys_e	4.897554504230961e-06
R_EX_lyscyshis_e	6.30562502897461e-06
R_EX_lysglnphe_e	6.04038969918147e-06
R_EX_lystrparg_e	5.363003277948641e-06
R_EX_lysvalphe_e	6.666064318778392e-06
R_EX_trpargala_e	7.915150204547416e-06
R_EX_trpglngln_e	6.199320531648234e-06
R_EX_trpglugly_e	6.282929714183927e-06
R_EX_trpglupro_e	6.487377963354524e-06
R_EX_trpglyleu_e	6.808718137664427e-06
R_EX_trpglyphe_e	6.468058406264993e-06
R_EX_trpilelys_e	6.861600900399251e-06
R_EX_trpiletrp_e	7.208094066391696e-06
R_EX_trpleuval_e	7.353932213717551e-06
R_EX_metglntyr_e	6.489384914716567e-06
R_EX_metphearg_e	6.069232583869738e-06
R_EX_pheasnmet_e	7.554116881108852e-06
R_EX_pheasp_e	8.680857396272529e-06
R_EX_pheleuasp_e	6.476276657427921e-06
R_EX_pheleuhis_e	6.596875900904964e-06
R_EX_trplys_e	8.392915662531336e-06
R_EX_trpmetval_e	7.39829676494122e-06
R_EX_trptyrgln_e	6.0522394380417566e-06
R_EX_phelyspro_e	6.42543710164048e-06
R_EX_phephethr_e	7.069011769604561e-06
R_EX_pheproarg_e	6.0325858451150405e-06
R_EX_trptyrtyr_e	5.911506884701684e-06
R_EX_phesertrp_e	6.23532766367077e-06
R_EX_tyrargser_e	5.4133134514341985e-06
R_EX_argcysgly_e	6.235284055064461e-06
R_EX_tyrcysthr_e	7.248286710656582e-06
R_EX_tyrleuarg_e	5.797500733643879e-06
R_EX_tyrphetyr_e	6.024049249320207e-06
R_EX_tyrthr_e	9.724686477745326e-06
R_EX_tyrtrpphe_e	6.161362803163567e-06
R_EX_tyrtyr_e	8.378067815232454e-06
R_EX_tyrvalmet_e	7.207074782147882e-06
R_EX_valarggly_e	6.32404998069519e-06
R_EX_valhisasn_e	7.460926913178956e-06
R_EX_valphearg_e	6.246406786983988e-06
R_EX_valprotrp_e	7.3457195770530725e-06
R_EX_valserarg_e	6.060411801147442e-06
R_EX_phetyrgln_e	6.169849821460044e-06
R_EX_phetyrlys_e	5.900163990855273e-06
R_EX_proargcys_e	6.436845501726213e-06
R_EX_proasncys_e	8.106633403212604e-06
R_EX_proglnpro_e	7.070261961509422e-06
R_EX_prohis_e	9.42470034471718e-06
R_EX_prohistyr_e	2.0818931361906573e-05
R_ALAGLYLYSt	-8.929944769255418e-06
R_ALALYSTHRt	-9.647856127659431e-06
R_ARGALAALAt	-1.2613302547368963e-05
R_ARGALAPHEt	-8.107243872194827e-06
R_ARGALATHRt	-8.85372406326428e-06
R_ARGARGt	-6.868094626636106e-06
R_ARGARGLYSt	-4.897554504273028e-06
R_ARGARGMETt	-5.392683272601589e-06
R_ARGCYSSERt	-5.978339823907962e-06
R_ARGGLUPROt	-5.8321596739141675e-06
R_ARGHISTHRt	-5.949026561018894e-06
R_ARGPROMETt	-6.33883514448378e-06
R_ARGPROTHRt	-6.46382194830061e-06
R_GLNPROGLUt	-6.49671222811626e-06
R_GLNTRPGLUt	-6.0956231278039286e-06
R_GLNTYRLEUt	-6.454406309732309e-06
R_GLUARGLEUt	-5.837538457129001e-06
R_GLUASNLEUt	-7.210690490750196e-06
R_GLUGLUt	-8.535657051044268e-06
R_GLUILELYSt	-6.746807196565414e-06
R_GLUMETt	-9.565386837355125e-06
R_GLUMETHISt	-6.395020293037835e-06
R_ASNASNARGt	-6.755535019623438e-06
R_ASPALAARGt	-7.565432493852973e-06
R_ASPASNGLUt	-6.459181121886044e-06
R_ASPGLUPROt	-6.242028471593192e-06
R_ASPGLUTRPt	-5.8688428183862815e-06
R_ASPHISCYSt	-6.3484313060548775e-06
R_ASPHISPROt	-6.214151282289693e-06
R_ASPLYSGLUt	-5.629885972171546e-06
R_ASPLYSHISt	-5.606874689285859e-06
R_GLUTHRLYSt	-6.360455082965628e-06
R_GLYVALHISt	-6.934196105792736e-06
R_HISASPt	-8.25148538727196e-06
R_HISGLNALAt	-8.858781208465148e-06
R_HISGLYLYSt	-5.986262781876479e-06
R_HISLYSALAt	-8.348187646570627e-06
R_HISLYSILEt	-6.714656147121991e-06
R_ASPMETASPt	-6.143525489777681e-06
R_ASPPROLYSt	-6.066204166504767e-06
R_ASPVALASNt	-7.31038806006841e-06
R_CYSASNMETt	-8.169308027507292e-06
R_HISLYSVALt	-6.39625857882728e-06
R_EX_argglupro_e	5.8321596738963866e-06
R_HISMETt	-9.506015087161826e-06
R_CYSASPPHEt	-6.6144792639308975e-06
R_CYSGLUHISt	-6.494646034710654e-06
R_CYSGLUTRPt	-6.6328300746885775e-06
R_CYSLEUTHRt	-8.033186440864221e-06
R_EX_argglygly_e	5.9091790031301494e-06
R_CYSSERMETt	-7.190393012569771e-06
R_EX_argphearg_e	5.164974188873878e-06
R_ILEASNHISt	-7.88409740588511e-06
R_ILEGLYARGt	-6.635745109311985e-06
R_ILEPROLYSt	-7.362662462862685e-06
R_ILESERARGt	-6.348110259894735e-06
R_LEUASNASPt	-7.034061405017736e-06
R_LEUASPLYSt	-6.071991650135125e-06
R_LEUPROt	-1.0637837591105388e-05
R_GLNHISLYSt	-5.814851360425553e-06
R_EX_argpromet_e	6.33883514443781e-06
R_LEUPROARGt	-6.305332912077098e-06
R_LEUTRPt	-9.70626501913376e-06
R_EX_argprothr_e	6.463821948250736e-06
R_LEUTRPARGt	-5.925279462032883e-06
R_LEUVALt	-1.1222943054344653e-05
R_EX_argtyrval_e	5.9902286965278495e-06
R_LYSARGLEUt	-3.208291492110601e-06
R_EX_argvalcys_e	6.6782693009595495e-06
R_SERTRPHISt	-5.996310593675211e-06
R_LYSGLNPHEt	-6.040389699227006e-06
R_EX_argvaltrp_e	6.126101590793465e-06
R_LYSGLUGLUt	-5.74663204568537e-06
R_LYSLYSLYSt	-5.451899543713456e-06
R_LYSTYRILEt	-6.694538006120354e-06
R_THRHISHISt	-6.4918495407107445e-06
R_EX_asnasnarg_e	6.7555350195674935e-06
R_THRILEARGt	-7.0550004763331176e-06
R_THRPHEARGt	-6.184501181935587e-06
R_LYSVALPHEt	-6.666064318822627e-06
R_METARGLEUt	-6.345113138195042e-06
R_METGLNTYRt	-6.489384914772946e-06
R_THRSERARGt	-6.001865259591243e-06
R_THRTYRMETt	-7.126753011140515e-06
R_TRPARGALAt	-7.915150204599892e-06
R_METGLYARGt	-6.142829911459646e-06
R_TRPASPASPt	-5.747456105983668e-06
R_TRPGLNGLNt	-6.199320531718056e-06
R_TRPGLUGLYt	-6.282929714216453e-06
R_TRPGLULEUt	-6.4939295060760516e-06
R_TRPGLUTYRt	-5.95302900972686e-06
R_METTRPPHEt	-6.776969074502072e-06
R_PHEASNMETt	-7.554116881156557e-06
R_PHEASPt	-8.680857396275998e-06
R_PHELEUt	-9.979830257269857e-06
R_PHELEUASPt	-6.476276657470855e-06
R_PHELEUHISt	-6.596875900955271e-06
R_TRPGLYPHEt	-6.468058406321805e-06
R_TRPGLYVALt	-7.090076894240068e-06
R_TRPILETRPt	-7.2080940664602175e-06
R_PHELYSALAt	-8.786512112660648e-06
R_PHELYSPROt	-6.425437101682113e-06
R_EX_asncyscys_e	8.324524064698413e-06
R_PHEPHEASNt	-7.135197075033069e-06
R_PHEPHETHRt	-7.06901176965747e-06
R_TRPLEUVALt	-7.353932213775231e-06
R_TRPMETARGt	-5.955128739643708e-06
R_TRPPHEt	-9.127594565336902e-06
R_TRPPROLEUt	-7.067015005246969e-06
R_TRPSERTYRt	-5.979976508828366e-06
R_PHETHRLYSt	-6.596325509848015e-06
R_PHETYRGLNt	-6.169849821512953e-06
R_PROARGASPt	-5.712173309173601e-06
R_PROASNCYSt	-8.10663340326638e-06
R_TRPTHRILEt	-7.998084338703068e-06
R_TRPTHRTYRt	-6.610266812865848e-06
R_TRPTYRGLNt	-6.05223943810811e-06
R_PROGLNPROt	-7.070261961555826e-06
R_PROHISt	-9.424700344724986e-06
R_PROHISTYRt	-2.081893136197119e-05
R_PROLEUARGt	-6.305332912077098e-06
R_PROLYSPROt	-6.725501522331003e-06
R_TRPVALASPt	-6.576255988313337e-06
R_TYRALAt	-1.4290862333269597e-05
R_TYRASPARGt	-5.287289484222704e-06
R_TYRGLUt	-8.456223402892975e-06
R_TYRLEUARGt	-5.797500733691584e-06
R_TYRPHETYRt	-6.024049249369213e-06
R_PROPROPROt	-7.5875791085548185e-06
R_PROTRPTHRt	-7.262603978297998e-06
R_SERARGTRPt	-5.525562392165537e-06
R_TYRVALMETt	-7.207074782196454e-06
R_SERLYSHISt	-5.7477535168990075e-06
R_VALARGGLYt	-6.324049980748533e-06
R_EX_asnpheasp_e	6.7019217269218e-06
R_VALHISASNt	-7.460926913236635e-06
R_EX_asnphecys_e	7.689135930445679e-06
R_VALLYSTYRt	-6.37785397095917e-06
R_EX_asntyrthr_e	7.351622052717555e-06
R_VALPROTRPt	-7.345719577107283e-06
R_GLYLYSPHEr	-6.224525319755564e-06
R_VALTRPPHEt	-6.994475058360889e-06
R_EX_aspglu_e	8.298020627364733e-06
R_VALVALt	-1.184239461638533e-05
R_ALAARGCYSr	-8.80647304673729e-06
R_GLYTYRLYSr	-5.9699794896540814e-06
R_GLYVALHISr	-6.934196105867763e-06
R_HISGLUr	-8.48677772410586e-06
R_HISGLUGLNr	-5.977228524255834e-06
R_HISHISLYSr	-5.698995526475653e-06
R_ALAARGGLYr	-8.23185621243519e-06
R_ALAASNLEUr	-1.147510454356862e-05
R_ALAGLYLYSr	-8.929944769319603e-06
R_ALAHISALAr	-1.4768239263301952e-05
R_ARGALAALAr	1.2613302547429678e-05
R_ARGALATHRr	-8.853724063336704e-06
R_HISLYSILEr	-6.714656147193548e-06
R_HISLYSTHRr	-6.331595521897465e-06
R_HISLYSVALr	-6.396258578893199e-06
R_HISMETGLNr	-6.508386574139574e-06
R_HISTRPHISr	-5.943562457148138e-06
R_ILEARGILEr	-7.523720860023314e-06
R_ILEGLNGLUr	-7.093597572564031e-06
R_ILEGLYARGr	-6.6357451093887465e-06
R_ILEPROLYSr	-7.362662462928604e-06
R_ILETRPTYRr	-7.025559654209174e-06
R_ARGARGLYSr	-4.897554504331575e-06
R_ARGARGMETr	-5.392683272667509e-06
R_ARGLEUPHEr	-6.03831390702525e-06
R_ARGPHEARGr	-5.164974188977961e-06
R_LEUASPLYSr	-6.071991650192371e-06
R_LEULEUTRPr	-7.074673950606403e-06
R_ARGPROMETr	-6.338835144548832e-06
R_LEUPROr	-1.0637837591122301e-05
R_LEUPROARGr	-6.305332912136946e-06
R_ARGPROTHRr	-6.463821948368698e-06
R_ARGVALCYSr	-6.67826930108098e-06
R_EX_aspglupro_e	6.242028471579314e-06
R_ASNASNARGr	-6.755535019695863e-06
R_ASPALAARGr	-7.5654324939132545e-06
R_LEUSERTRPr	-6.5255866718016975e-06
R_LEUTYRTYRr	-6.2960684376646425e-06
R_LYSCYSHISr	-6.305625029102979e-06
R_LYSLYSLYSr	-5.451899543765931e-06
R_ASPGLUPROr	-6.242028471624417e-06
R_ASPGLUTRPr	-5.868842818428782e-06
R_LYSTRPARGr	-5.363003278066603e-06
R_LYSVALPHEr	-6.666064318879006e-06
R_METASNTYRr	-7.193922459777791e-06
R_METPHEARGr	-6.06923258398076e-06
R_ASPHISCYSr	-6.348431306129471e-06
R_ASPHISPROr	-6.214151282355612e-06
R_ASPLYSGLUr	-5.6298859722019035e-06
R_ASPMETASPr	-6.143525489839263e-06
R_ASPPROLYSr	-6.066204166557676e-06
R_ASPVALASNr	-7.310388060136064e-06
R_CYSASNMETr	-8.16930802758492e-06
R_PHELEUr	-9.97983025729024e-06
R_PHELEUASPr	-6.476276657532004e-06
R_PHELEUHISr	-6.596875901022925e-06
R_PHELYSALAr	-8.786512112717026e-06
R_PHELYSPROr	-6.425437101737624e-06
R_CYSASPPHEr	-6.614479263998552e-06
R_CYSCYSr	-1.1331366545602739e-05
R_EX_asphiscys_e	6.348431305997632e-06
R_CYSGLUTRPr	-6.6328300747375835e-06
R_CYSLEUTHRr	-8.033186440943585e-06
R_CYSSERMETr	-7.190393012623114e-06
R_PHEPHETHRr	-7.069011769725991e-06
R_PHEPROARGr	-6.032585845219124e-06
R_PHESERTRPr	-6.235327663757506e-06
R_PROARGCYSr	-6.436845501847643e-06
R_CYSTYRASNr	-7.3175438101182044e-06
R_GLNASNGLNr	-6.855265852114684e-06
R_PROGLNPROr	-7.070261961620444e-06
R_GLNLYSLYSr	-5.68394311646972e-06
R_PROHISr	-9.424700344744935e-06
R_EX_aspvalasn_e	7.310388060018103e-06
R_PROHISTYRr	-2.0818931362097393e-05
R_PROLEUARGr	-6.305332912136946e-06
R_GLNLYSTRPr	-5.9272835783892586e-06
R_GLUASNLEUr	-7.210690490786625e-06
R_GLUGLUr	-8.535657051007839e-06
R_GLUILELYSr	-6.746807196603144e-06
R_GLULEUr	-9.496042920709852e-06
R_GLUMETr	-9.565386837346451e-06
R_GLUTHRLYSr	-6.360455083002925e-06
R_PROLYSPROr	-6.725501522385213e-06
R_PROPHEr	-9.965894173662865e-06
R_PROPROARGr	-6.299127300476992e-06
R_PROPROPROr	-7.587579108611631e-06
R_PROTRPTHRr	-7.262603978378662e-06
R_PROVALGLNr	-7.357420855644975e-06
R_EX_cyssermet_e	7.1903930125329085e-06
R_XOLEST226_HSte	1.9972296247394716e-09
R_EX_cystyrasn_e	7.3175438099794266e-06
R_PCHOLN281_HSte	-7.190979791071861e-07
R_ACRNtr	5.268963287060127e-05
R_EX_glnasngln_e	6.855265851972436e-06
R_ODECRNtr	7.115334265387838e-05
R_PMTCRNtr	7.115334265384715e-05
R_XOLEST183tl	1.0581881629070922e-06
R_SERCYSARGr	-5.978339823960871e-06
R_SERGLYGLUr	-6.214107746958103e-06
R_SERLYSHISr	-5.747753516947146e-06
R_SERTRPHISr	-5.996310593735926e-06
R_THRASNTYRr	-7.351622052852863e-06
R_THRGLNTYRr	-6.619928183172058e-06
R_THRILEARGr	-7.055000476412915e-06
R_XOLEST205tl	-1.997229753109009e-09
R_PHEACGLYtm	2.8384989252359938e-06
R_HXAt1	1.5148017455210439e-05
R_HXAt2	2.6916170266851058e-05
R_THRMETARGr	-6.5054675324402456e-06
R_THRTYRMETr	-7.126753011219011e-06
R_HXAt3	4.3511201414797585e-06
R_EX_hxa_e	4.351120141552617e-06
R_TTDCEAc	4.651828103545419e-06
R_PACCOALm	2.8384989250694603e-06
R_PACALDtm	2.8384989251700743e-06
R_TRPALAPROr	-9.914255100350322e-06
R_TRPGLUTYRr	-5.953029009769795e-06
R_TRPGLYVALr	-7.090076894318564e-06
R_TRPILETRPr	-7.208094066547821e-06
R_TRPLEUVALr	-7.353932213845921e-06
R_TRPLYSr	-8.392915662562561e-06
R_TRPMETARGr	-5.955128739718735e-06
R_BZtm	-7.94220409230939e-09
R_TRPPHEr	-9.127594565363356e-06
R_EX_glnhislys_e	5.8148513603709095e-06
R_TRPPROVALr	-7.345719577177973e-06
R_TRPSERTYRr	-5.9799765088838774e-06
R_TRPTHRILEr	-7.99808433878807e-06
R_TRPTYRGLNr	-6.052239438190943e-06
R_EX_glnproglu_e	6.496712228090673e-06
R_PA_HStm	6.862225558994933e-06
R_EX_gluargleu_e	5.837538457110353e-06
R_FldAct	2.661513478656452e-06
R_TYRALAr	-1.4290862333288246e-05
R_TYRARGSERr	-5.413313451517465e-06
R_TYRCYSTHRr	-7.248286710798829e-06
R_TYRGLUr	-8.456223402886903e-06
R_MMALtm	6.107615977113054e-05
R_EX_gluasnleu_e	7.210690490727645e-06
R_PGPP_hsc	2.0712949279702575e-06
R_CE2512te	-8.93036730731378e-07
R_TYRTYRr	-8.378067815270618e-06
R_TYRVALMETr	-7.207074782265843e-06
R_VALLEUPHEr	-7.5222710492137135e-06
R_VALPROTRPr	-7.345719577177973e-06
R_r2514m	2.3963461232949512e-06
R_EX_gluthrlys_e	6.360455082943944e-06
R_VALTRPVALr	-7.653637226445048e-06
R_EX_glutrpala_e	8.895042480430715e-06
R_TRPGLYASPr	-6.1453080186339715e-06
R_HOMOVALte	-2.4075025585502684e-11
R_XOLEST182_HSte	1.9972297218839863e-09
R_XOLEST205_HSte	1.99722972882288e-09
R_FAS180	2.572231177767198e-06
R_5AOPt2	5.771410878549835e-05
R_ACNAMt2	6.750774200579845e-05
R_CORE5t	4.2973359500399905e-05
R_EX_glyhisasn_e	6.921930998750325e-06
R_CORE8t	4.29733594984362e-05
R_ARGt5r	0.00037118672239135064
R_EX_glylyscys_e	6.653529887049731e-06
R_CA2t	-0.00020703688086489563
R_MK7t	0.0
R_MK9t	0.0
R_SK_adprbp_c	6.694468730489983e-06
R_EX_glylysphe_e	6.224525319648011e-06
R_SK_bandmt_c	1.7391431322309747e-05
R_STN_ANTIGENt	-5.338127846005181e-09
R_EX_core4_e	-9.146545371790937e-09
R_EX_core5_e	-7.90030786970708e-09
R_SK_for_c	1.996660490570512e-05
R_EX_glyvalhis_e	6.934196105735924e-06
R_SK_mi1345p_c	1.9397481757499335e-06
R_EX_dsT_antigen_e	-1.0207400456124782e-08
R_EX_f1a_e	-7.497382336490999e-09
R_SK_mi134p_c	1.986690353467796e-06
R_SK_mi145p_c	4.380312688383875e-06
R_EX_galam_e	-4.993693774463237e-09
R_DM_pchol_hs_c	5.237530776372457e-07
R_EX_gncore1_e	-9.476955185883096e-09
R_ETHAt	-2.458062834105601e-05
R_EX_mqn7_e	-4.993693774463237e-09
R_SK_crvnc_c	-6.158305710778425e-05
R_r2444	-2.2988918635995226e-05
R_LPAMt	9.256184346773111e-09
R_EX_acgal_e	2.5352834776174588e-05
R_EX_acnam_e	3.4362619706768127e-06
R_EX_pcreat_e	4.118300147112897e-06
R_EX_HC00342_e	2.4633501839961547e-05
R_EX_CE2934_e	-9.468396643119714e-09
R_DM_mqn10_c	-4.993693774463237e-09
R_DM_mqn7_c	-4.993693774463237e-09
R_DM_mqn8_c	-4.993693774463237e-09
R_HCYSte	-1.281462497598057e-06
R_PPPGO	1.4494150617321011e-06
R_SPRMt2i	-2.3679751540127414e-06
R_THMMPtrbc	-4.4433290296071876e-05
R_THMtrbc	-1.643634482577025e-05
R_UNK3	1.0667393843876577e-05
R_ACNAMtr	7.052041449878005e-05
R_DM_mqn9_c	-4.993693774463237e-09
R_GNCORE1t	-8.482824557370927e-09
R_GNCORE2t	-3.741615534763598e-09
R_3HMPtm	7.338646503391583e-06
R_SK_doco13ecoa_c	-1.6642371025998859e-06
R_ACGLUtm	-9.728594220128478e-06
R_LPAMtm	-8.900868687933272e-09
R_r2535m	1.1953252970764439e-10
R_AMPTASECG	2.340568602138607e-05
R_ARGN	2.14278860872592e-05
R_CE2934t	-8.983477302326737e-09
R_ASP1DC	1.1724614160697408e-05
R_ESTR2r	6.217928358413782e-07
R_ASPTA	0.0001497906501998214
R_SK_fad_c	-4.731794741513751e-05
R_PGLYCtm	2.069091941284823e-06
R_SK_25hvitd2_c	-7.183651896375959e-05
R_SK_9_cis_retfa_c	-7.034310893324833e-05
R_SK_glygn2_c	-0.00032775989574448244
R_SK_HC02193_c	3.348829168466419e-05
R_BPNT	7.043368194990102e-05
R_SK_lnlc_c	-3.448033335382017e-05
R_SK_HC02195_c	-1.4635406360395675e-06
R_SK_HC02197_c	-3.4505320161488245e-05
R_SK_HC02198_c	-3.35135327952929e-06
R_SK_Tyr_ggn_c	2.938902640289842e-06
R_DM_avite1_c	-3.514817227504019e-06
R_SK_btn_c	-1.6956744168291488e-05
R_SK_c226coa_c	-7.986240301292857e-05
R_BUTt2r	-2.7782453940347618e-05
R_CPPPGO	3.992158313981253e-06
R_SK_lnlccoa_c	-3.789429226017452e-05
R_CTPS1	2.462010931278402e-06
R_CTPS2	1.7501309905604279e-06
R_SK_lnlncgcoa_c	-8.837705603412932e-05
R_CYSTGL	1.8755474671394712e-06
R_CYSTS	3.654165569966228e-06
R_FPGS7_1	3.923548013852474e-06
R_SK_nad_c	-0.0006143656443735393
R_SK_pmtcoa_c	-4.2631995292665564e-05
R_FTHFCL	-3.9953254697688845e-09
R_CYTDt2	-3.053088693831047e-08
R_SK_pydx_c	-3.951604631531602e-05
R_DHFR	-0.00031604717730296383
R_DHORTS	-2.1491500684193976e-05
R_SK_pydxn_c	3.451888266238837e-05
R_DHPR	9.962231631792384e-06
R_G5SADs	5.203884140743409e-05
R_SK_retinol_c	-0.00010123786662479331
R_DMATT	6.553518719233653e-06
R_SK_tag_hs_c	-0.0002363353475585729
R_DTMPK	3.380713268233415e-06
R_DURIPP	9.485316486218531e-05
R_SK_tchola_c	-5.5342963344556795e-05
R_DUTPDP	1.2749010227346147e-06
R_SK_tdechola_c	-4.693607815495909e-05
R_EX_acac_e	8.351049643615799e-06
R_GALUi	0.00025456632264519996
R_EX_adn_e	1.6238190892067794e-05
R_GK1	0.00013682657350838623
R_SK_thf_c	-0.00035748354828019427
R_GLYLEUHYDROc	-6.812047740056837e-06
R_GLYLEUPEPT1tc	-3.32960222208193e-09
R_GLYPROPRO1c	-1.1272014379795636e-05
R_EX_asp__L_e	-7.451208096954584e-05
R_EX_but_e	-5.115577440817365e-09
R_EX_din_e	8.529005360972258e-06
R_EX_fe2_e	9.099534983889046e-06
R_EX_fe3_e	4.2186620608418435e-05
R_EX_gal_e	2.4069384343978345e-05
R_EX_glu__L_e	-7.209420070756686e-05
R_EX_glyb_e	7.092072300662194e-06
R_EX_glyleu_e	-3.329602218937744e-09
R_GRTT	6.553518720808782e-06
R_GUAPRT	2.3118211220224394e-06
R_HCO3E	0.00038126935541204707
R_EX_h2o_e	-7.408560816828114e-05
R_EX_ins_e	1.547249708955603e-05
R_EX_k_e	-4.993693795279919e-09
R_EX_lac__L_e	0.00040160524425537567
R_H2Ot	-2.386547322925101e-06
R_EX_leu__L_e	-0.00013000514161412222
R_SK_tmndnc_c	-7.29127616048604e-05
R_EX_lys__L_e	-0.00013306326993457393
R_EX_mal__L_e	1.1019255633251679e-05
R_EX_no2_e	-7.906278739339134e-09
R_EX_o2_e	-0.0010315601690104106
R_HMBS	5.393490751348651e-06
R_IMPD	8.499023744173995e-05
R_LEUTA	1.7517288640068757e-05
R_EX_orn_e	4.530720394889387e-05
R_EX_pi_e	0.0006731883712711648
R_MAN1PT2	5.0851835198269246e-05
R_SK_tmndnccoa_c	-0.00022565565673402996
R_EX_ribflv_e	-1.9024252506036343e-06
R_SK_vitd3_c	-0.00030276896076801216
R_EX_succ_e	8.537973312065794e-07
R_EX_thymd_e	5.330602210334989e-07
R_EX_urea_e	2.341147483769096e-05
R_EX_uri_e	8.371133985093926e-07
R_NDPK2	9.07904675407252e-05
R_NDPK4	-4.407618247324885e-05
R_NDPK6	-4.9535570230928305e-05
R_UDPG4E	0.00012587604396821495
R_NNATr	1.242402318413216e-06
R_DXTRNt	0.0003248209931021248
R_O2t	0.0010011263009514215
R_OMPDC	1.9885954613010903e-05
R_EX_dxtrn_e	0.0003248209931020485
R_PGM	-0.0010859347441682793
R_UREAt	-2.2857804116055685e-05
R_PGMT	0.0006473900033352187
R_DHCHOLESTANATEATP	2.7037468626062156e-06
R_PIt2r	0.00012213236576014835
R_PNTK	2.4080718498409315e-06
R_URIDK2r	-4.859925343555019e-05
R_DHCHOLESTANATEt	3.8335271372412895e-06
R_VALTA	2.0305833757114106e-05
R_SERD_L	3.1609063099430996e-06
R_PPBNGS	2.2918007741373758e-05
R_PROD2	1.7198443443027446e-08
R_PROt2r	1.294037534535844e-05
R_ASNN	2.299148195418305e-06
R_r0220_1	2.4381378573648527e-06
R_EX_dhcholestanate_e	6.537273999941695e-06
R_r0318	2.438137857219136e-06
R_PRPPS	2.5704733747911046e-06
R_PTPATi	1.2108430132717896e-06
R_DADK	-9.622533868307304e-05
R_r0398	8.252455304794126e-06
R_r0422	1.2623209305062666e-05
R_PPM2	0.00032722582313687854
R_PUNP1	7.99229938866497e-05
R_PUNP3	2.862289548206942e-05
R_SK_dhcholestanate_c	-0.00039929884652866593
R_PUNP5	6.769115914387336e-05
R_ACCOAC	0.00021970051649627953
R_THCHOLSTOICATP	3.022865420906906e-06
R_EX_pnto__R_e	1.9053071459683435e-06
R_EX_gly_e	-0.00014892096556943027
R_PUNP6	5.507311561378514e-05
R_PUNP7	7.26576927130157e-05
R_RNDR2	0.00013887973943445264
R_RNDR3	5.8000769943861163e-05
R_RNDR4	0.00023305207014714946
R_GLYt2r	1.409579084232001e-05
R_EX_cys__L_e	4.622613127870309e-05
R_EX_thr__L_e	-0.00011497172893746091
R_RPE	7.843027846632378e-05
R_EX_gln__L_e	-0.00017805169325529543
R_EX_thcholstoic_e	8.099898979332942e-06
R_EX_phe__L_e	-0.00016531330118171178
R_EX_tyr__L_e	-0.00019750599906637883
R_NTD2	2.2803616172434316e-06
R_TALA	0.0001424044764966742
R_THMDt2	-4.467642983854673e-06
R_NTD10	6.076033334562192e-05
R_EX_arg__L_e	-0.00016076456919522294
R_THRS	-8.154494086920483e-09
R_TKT1	0.000197102547903949
R_EX_for_e	1.9439141034915952e-05
R_EX_nac_e	9.835576395000878e-09
R_EX_ind3ac_e	4.843476279332848e-06
R_EX_nh4_e	0.0008383718340787862
R_NH4t	-0.00015447493529244585
R_SK_thcholstoic_c	-1.9648157038656966e-05
R_EX_ac_e	0.00020711719904372913
R_RBK	-4.70274745187349e-09
R_XOL7AONEATP	2.948233642496856e-06
R_ADNK1	2.2418611240471176e-06
R_TMDPK	1.4752834663145711e-06
R_EX_mqn8_e	-4.993693774463237e-09
R_TPI	0.00030754869231084184
R_EX_xol7aone_e	7.758466920651519e-06
R_SK_xol7aone_c	-9.615023483680943e-05
R_GCALDD	4.321958274600135e-06
R_SK_xoldiolone_c	-4.462080309897837e-06
R_ACYP	2.542954833581468e-06
R_UAG4Ei	3.02787046070202e-05
R_7KILTCHOLATP	2.991045114322799e-06
R_UAGDP	9.507874684716588e-05
R_NADN	3.49351917692739e-06
R_AICART	-2.5715016436472782e-05
R_ALDD2x	1.1413928384718108e-05
R_AMANK	3.4195845062118257e-06
R_SK_dchac_c	0.00035878873112428836
R_ARGSL	-9.202580376586889e-06
R_SK_CE1273_c	-4.8501708946116495e-05
R_CITL	1.8348102859140104e-05
R_MALT	-8.880777065123358e-09
R_MDH	-9.616374931641081e-05
R_CSND	-4.993700612743179e-09
R_CYTK1	0.00017196015371476192
R_MI1PP	1.2889647873742804e-05
R_MI4PP	7.0353247666188334e-06
R_DRBK	2.7533428909841395e-06
R_ACACT1r	1.81182458338508e-05
R_EX_drib_e	1.1918791268716866e-05
R_NT5C	2.235819871077016e-06
R_EX_fru_e	4.290251083057667e-05
R_ACCOAL	2.198137589531912e-06
R_EX_glyc_e	1.8117090744035336e-05
R_ACONT	1.590120863761979e-05
R_NMNHYD	0.0004444615452914892
R_OAADC	4.166686006317616e-06
R_PFK	0.0002330634496005013
R_ACS	1.6093056799115768e-06
R_PRFGS	2.4761235129094894e-06
R_ADNt2	-7.264540328759048e-06
R_PYDXNK	7.179647389325694e-06
R_PYK	0.0009062087120416118
R_EX_malttr_e	-5.732337094582762e-09
R_EX_man_e	-6.002737390486956e-09
R_THRD_L	2.345210426898947e-05
R_TMDS	5.4922384445516e-06
R_EX_ptrc_e	7.91495155012846e-05
R_EX_rib__D_e	-4.7027470008453864e-09
R_AHCi	1.2460988775192527e-05
R_EX_spmd_e	1.2207466710441317e-06
R_GALT	7.341324516413339e-05
R_GLYK	8.895917665736885e-06
R_GND	7.023769519456935e-06
R_XYLt	-6.009250209194905e-06
R_GLYALDDr	9.928777084944329e-06
R_MTHFR2	6.07903509087359e-05
R_ARGORNt7	7.374374987888233e-05
R_EX_pydxn_e	-4.470663618384024e-05
R_PYDXNtr	4.470663618384024e-05
R_EX_pydx_e	4.36735336851006e-05
R_EX_pydam_e	4.208541869125601e-05
R_PYDAMtr	-4.208541869125948e-05
R_EX_arab__L_e	-4.9936952559170855e-09
R_EX_gam_e	-3.3296005119698435e-09
R_EX_pyr_e	0.0002915210028195288
R_IMACTD	2.74977881506433e-06
R_IMPC	2.5715016436403393e-05
R_IZPN	4.931435299265069e-08
R_LCADi	2.355539196641221e-06
R_PYRt2	-0.00018884295664843564
R_EX_tre_e	-3.9953226560474064e-09
R_EX_4abut_e	1.710189050327729e-05
R_ACGAM2E	1.4224429308958356e-05
R_EX_btn_e	-4.387985103573161e-05
R_EX_ade_e	0.0001431122961461466
R_EX_etoh_e	-3.74568787098184e-09
R_ABUTt2r	-6.79822743304432e-06
R_ETOHt	-2.497125482087137e-09
R_EX_acald_e	0.00029701715189851124
R_MVLACte	5.237487144231501e-05
R_TIGGLYte	3.0187353715245557e-06
R_OBDHc	7.667799254023472e-06
R_3OHGLUTACm	1.2196264663734413e-05
R_3OHGLUTACOAT3t	-3.1331551650558895e-11
R_THMt3	6.20395154192141e-06
R_FTCD	2.27528962292692e-08
R_GLUTACOAm	8.915211662872957e-06
R_GLUTCONm	8.915211663063777e-06
R_EX_taur_e	1.828696971522409e-05
R_3HIVAcm	1.8444909022294342e-05
R_EX_tym_e	1.1847755155974804e-06
R_3HIVActe	1.8444909022356792e-05
R_3HADICOAx	1.5425611082225954e-06
R_3HADPACx	1.5425611084966817e-06
R_3HADPACtxc	1.5425611087360735e-06
R_3HADPACte	1.5425611088956681e-06
R_EX_3hadpac_e	1.5425611089754654e-06
R_3OHSEBCOAx	1.5137691432506872e-06
R_PAFABCt	4.452586499059663e-06
R_PAILR_HSSECt	2.166176771945666e-06
R_PCHLN225_HSABCt	4.780012410610102e-06
R_PCHOL2LINL_HSABCt	4.780012410623979e-06
R_PCHOL2OLE_HSABCt	4.780012410610102e-06
R_PCHOL2STE_HSABCt	4.780012410623979e-06
R_PCHOLDOC_HSABCt	4.780012410623979e-06
R_PCHOLEIC_HSABCt	4.780012410610102e-06
R_PCHOLET_HSABCt	4.780012410623979e-06
R_3OHSUBACx	1.472080872349374e-06
R_5OHHEXAc	5.563103118177287e-06
R_5OHHEXAte	5.563103118215451e-06
R_PCHOLLINL_HSABCt	4.780012410610102e-06
R_EX_ethmalac_e	1.9893437970125438e-05
R_PCHOLN183_HSABCt	4.780012410623979e-06
R_HEXGLYte	3.096873217749152e-06
R_EX_lanost_e	2.8786573693859174e-07
R_EX_hexgly_e	3.096873217756091e-06
R_METHSUCC	2.5274257652665305e-05
R_PCHOLN203_HSABCt	4.780012410623979e-06
R_PCHOLN224_HSABCt	4.780012410623979e-06
R_PCHOLN225_HSABCt	4.780012410610102e-06
R_PCHOLN2254_HSABCt	4.780012410623979e-06
R_PCHOLOLE_HSABCt	4.780012410610102e-06
R_PCHOLPALME_HSABCt	4.780012410610102e-06
R_PE14_HSABCt	4.782518342419384e-06
R_SUBGLYc	8.69614326741954e-07
R_EX_subgly_e	8.696143271140488e-07
R_4OHBUTtmc	3.376025954999334e-05
R_EX_4ohbut_e	3.376025955005579e-05
R_12HPETUPKt	4.897998868120396e-06
R_15HPETUPKt	3.3800642607918763e-06
R_AK2LGCHOLABCt	4.435411231462627e-06
R_APRGSTRNABCt	2.021701101286022e-06
R_C14770UPKt	3.7441014913083825e-06
R_PE161_HSABCt	4.993745334233579e-06
R_PE17_HSABCt	4.782518342419384e-06
R_PE203_HSABCt	4.782518342419384e-06
R_PE2LINL_HSABCt	4.782518342419384e-06
R_CE2510ABCt	1.364478823005777e-06
R_PEAR_HSABCt	4.973461122464995e-06
R_PHPYRtm	5.736086085252751e-06
R_EX_3mox4hoxm_e	3.4342817748639343e-06
R_CE4970tm	2.916986865941773e-08
R_PELINL_HSABCt	4.993745334233579e-06
R_CE2026tm	2.911421048343299e-08
R_PEPALM_HSASBCt	4.780012410610102e-06
R_SPHMYLN181161_hs_ATPt	6.962051195061325e-07
R_EX_CE2026_e	2.9114210604863633e-08
R_SPHMYLN18117_hs_ATPt	6.962051195061325e-07
R_SPHMYLN18120_hs_ATPt	6.962051195061325e-07
R_SPHMYLN18121_hs_ATPt	6.962051195061325e-07
R_2HYDOGOAT3t	-1.7202228371487598e-08
R_2HYDOGte	1.7202228273782705e-08
R_PESTE_HSABCt	4.444284481874838e-06
R_SPHMYLN_HsSECt	3.6672129185497115e-06
R_SPHMYLN180241_hs_SECt	1.0227147070607234e-06
R_SPHMYLN18117_hs_SECt	1.0227147070607234e-06
R_SPHMYLN18118_hs_SECt	1.0227147070607234e-06
R_SPHMYLN18120_hs_SECt	1.0227147070607234e-06
R_SPHMYLN18123_hs_SECt	1.0227147070607234e-06
R_GLUTAROAT3t	-1.7202228371487598e-08
R_GLUTARte	1.7202228273782705e-08
R_EX_thexdd_e	3.1568249242719393e-06
R_HEXDTRtm	3.7597689485365475e-06
R_SPHMYLN1824_hs_SECt	1.0227147070607234e-06
R_HEXDTRte	3.75976894810906e-06
R_CE4968tm	2.9131895028233767e-08
R_EX_hexdtr_e	3.7597689482651853e-06
R_HPDECECOAm	-8.495532350874394e-09
R_CE4968te	2.8064225824742426e-08
R_HPDECEm	-9.398717581987626e-09
R_EIC21114TRc	2.5720701268411306e-06
R_EIC21114TRte	2.572070126931336e-06
R_EX_eic21114tr_e	2.57207012734767e-06
R_AK2LGCHOLt	4.4559065659859065e-06
R_DIGALSGALSIDEATPte	6.402161036450638e-07
R_EX_CE4968_e	2.913189516007275e-08
R_PCHOLET_HSt1e	4.155498399136676e-06
R_PCHOLHEP_HSt1e	4.155498399136676e-06
R_SUCACETATc	2.945236273050461e-06
R_PCHOLLINL_HSt1e	4.155498399136676e-06
R_PCHOLN15_HSt1e	4.155498399136676e-06
R_PCHOLN183_HSt1e	4.155498399136676e-06
R_PCHOLN1836_HSt1e	4.155498399136676e-06
R_PCHOLN201_HSt1e	4.155498399136676e-06
R_PCHOLN225_HSt1e	4.155498399136676e-06
R_5EIPENCte	4.016241122326014e-06
R_T4HCINNMte	1.716722188046198e-08
R_AGRMte	1.3851341470075174e-06
R_EANDRSTRNte	9.899062254208361e-07
R_AHANDROSTANte	1.934223512279308e-06
R_PCHLN225_HSt1e	4.155498399140145e-06
R_PCHOLSTE_HSt1e	4.155498399136676e-06
R_SUCACETOte	4.667693468386747e-06
R_PE12_HSt1e	3.894171028594878e-06
R_PE14_HSt1e	4.151048958452724e-06
R_PE15_HSt1e	3.894171028591409e-06
R_C05301te	3.413985847530417e-07
R_11DOCRTSLte	1.065001805719139e-06
R_CE2211te	5.842763116670213e-07
R_17AHPRGSTRNte	5.789249877969087e-07
R_PE161_HSt1e	4.004061360151495e-06
R_PE226_HSt1e	4.004061360154965e-06
R_C03681te	5.802861727587463e-07
R_PEAR_HSt1e	4.017201526824998e-06
R_CE1352te	4.1520769921332603e-07
R_VANILLACc	2.5797915738992594e-06
R_PELPALM_HSt1e	4.004061360154965e-06
R_PESTE_HSt1e	4.444284481219113e-06
R_SPHMYLN_HsATPte	1.3803732206996155e-06
R_SPHMYLN180241_hs_ATPt	6.962051195061325e-07
R_C05769te	1.3397325775350334e-06
R_SAMHISTAe	3.3354254371752157e-06
R_GLCRt1	-4.904961400631108e-06
R_2HYOXPLCte	2.770049316324491e-06
R_MHISTAte	-3.1981098640577847e-07
R_SPHMYLN18114_hs_ATPt	6.962051195061325e-07
R_SPHMYLN18115_hs_ATPt	6.962051195061325e-07
R_SPHMYLN18116_hs_ATPt	6.962051195061325e-07
R_VANILLACte	2.5797915736598676e-06
R_2OBUTt	-5.8674001703201695e-06
R_PPP9ABCte	4.869361906953418e-07
R_MLTHFte	2.2199935543677773e-05
R_TYMte2	1.9762702220833123e-06
R_CE4890te	1.6071646251414676e-06
R_CE7085te	4.658865042847515e-06
R_CE4877te	1.0776354168601232e-06
R_C05770te	1.7891411876053143e-06
R_SPHS1Pt2e	2.2239042396787756e-06
R_DHEAte	3.991569590792998e-07
R_EX_dhea_e	3.991569594852251e-07
R_AHANDROSTANtr	2.2190808420426145e-06
R_EX_ahandrostan_e	-5.76723544615243e-09
R_ANDRSTANDRtr	6.171583656587598e-07
R_EX_andrstandn_e	5.304571748417086e-07
R_EX_CE2209_e	4.574043015563578e-07
R_EX_estrone_e	2.8572544829436053e-07
R_C05298te	3.4161893891146433e-07
R_EX_C05299_e	3.3797192181689306e-07
R_EX_C05302_e	3.384591054089725e-07
R_EX_11docrtsl_e	1.0650018058590283e-06
R_PTRCARGte	2.870258716171272e-05
R_MLTHFte2	-5.0022425663369396e-05
R_13DAMPPte	1.4429461042966222e-06
R_ARGN1ASPMDte	2.1198058960392174e-06
R_34DHPHAte	1.71525621227387e-08
R_34DHOXMANDte	1.7016679216400622e-08
R_CE6205te	2.809430257722083e-08
R_1A25DHVITD3te	-3.3296028521118126e-09
R_ISOBUTtm	2.7467071131749565e-06
R_ISOBUTte	2.746707113272101e-06
R_NACCYSte	1.7271941315906425e-05
R_EX_agm_e	1.3851341469951761e-06
R_T4HCINNMtm	4.3595362683064576e-06
R_EX_prgnlone_e	5.802897331125267e-07
R_EX_17ahprgnlone_e	4.1465439964624706e-07
R_EX_C03681_e	5.80286173102601e-07
R_HC02020tr	1.3184025057958598e-05
R_EX_prgnlones_e	5.822683835088327e-07
R_EX_CE1352_e	4.152076995798948e-07
R_XOL24OHte	6.816187249805705e-06
R_EX_xol24oh_e	6.816187249812644e-06
R_XOL25OHte	4.343132192972943e-05
R_EX_xol25oh_e	4.343132192972596e-05
R_DSMSTEROLtr	9.807399295458374e-07
R_DSMSTEROLte	1.8478281324056656e-06
R_EX_chsterols_e	1.3404530136287146e-05
R_EX_3ityr__L_e	-6.261924902217775e-09
R_EX_T4hcinnm_e	1.7167221463831872e-08
R_4HBZtm	-5.561331496376637e-06
R_SUCSALtm	1.0056351291136412e-05
R_SUCSALte	1.0056351291240495e-05
R_CE7081tr	3.9411204677437806e-06
R_CE7081tm	3.805279154743546e-06
R_EX_35diotyr_e	-4.9537904334151506e-09
R_EX_13_cis_retn_e	9.332162381830988e-06
R_LDL_HSSYN	3.134326139972096e-05
R_LDL_HSDEG	3.134042166698728e-05
R_HDL_HSDEG	3.133834294109794e-05
R_MYELIN_HSSYN	1.911342058895371e-07
R_DM_myelin_hs_c	1.9113420924449231e-07
R_12HARACHDtr	1.5954217487852695e-06
R_12HARACHDte	1.595421748951803e-06
R_18HARACHDte	4.9856845638074354e-08
R_EX_18harachd_e	4.985684592603845e-08
R_SQLte	2.71403780498225e-07
R_HC00460te	1.234555513412311e-06
R_EX_HC00460_e	1.2345555134643527e-06
R_ORN_Dte	-1.1313365012602383e-05
R_5G2OXPTte	-8.312858679193624e-09
R_EX_vanillac_e	2.579791573538437e-06
R_EX_CE7090_e	3.5740171372006246e-06
R_EX_CE7096_e	4.640281839982108e-06
R_EX_CE4877_e	1.0776354173215597e-06
R_EX_CE1447_e	1.284483176038076e-06
R_6HOXMELATNte	2.673720623028175e-08
R_2H3MVc	6.688486505868063e-06
R_EX_trypta_e	3.0366430440742498e-06
R_EX_CE2006_e	1.0809040190188496e-05
R_GLUCYSte	2.3852582198419237e-06
R_EX_C10164_e	1.0443275127100526e-06
R_EX_n8aspmd_e	9.989062165934037e-07
R_2H3MVte	6.68848650576051e-06
R_EX_CE6205_e	2.916410945380532e-08
R_EX_C09642_e	5.836656592969613e-07
R_MELATNte	2.6918442280754462e-08
R_2HIVc	6.416247394780417e-06
R_EX_C05769_e	4.4938695020063646e-07
R_C05767te	4.7550068969781645e-07
R_EX_C05770_e	4.7644480722502935e-07
R_2HIVte	6.416247394669394e-06
R_PPBNGte	1.344044736287936e-06
R_EX_ppbng_e	1.3440447366001862e-06
R_12PPDRte	6.016922171357686e-06
R_EX_12ppd__R_e	6.016922171631772e-06
R_AMETAMte	1.257162103272813e-06
R_UDPG3DOPA	1.331193386883145e-06
R_34DHPEAR	5.176443537547454e-05
R_EX_dopa4sf_e	1.2373516762725911e-06
R_DOPA4GLCURt	1.3311933865223224e-06
R_DOPA3GLCURt	1.3311933865223224e-06
R_GGTe_1	2.5999020444399503e-06
R_DOPACCL	1.8597462130426345e-06
R_XYLUDte	5.294508469404907e-06
R_GLCNte	0.0004456769597931502
R_EX_CE0737_e	1.0405966841472991e-06
R_DOPAOQCYS	2.4465357681309474e-06
R_SPHGNSte	4.747091699602163e-06
R_LACROX	7.0552809626096835e-06
R_EX_2hiv_e	6.41624739456878e-06
R_4GLU56DIHDINDt	1.520545835482362e-06
R_EX_4glu56dihdind_e	1.5205458358258372e-06
R_EX_hdd2crn_e	-8.101743855654098e-09
R_IM4ACte	-2.749778815133719e-06
R_EX_im4ac_e	2.749778815196169e-06
R_EX_CE1918_e	1.7139495957912976e-08
R_EX_mlthf_e	9.061760185620493e-06
R_5CYSDOPAt	1.2231000907879375e-06
R_CE5025t	1.1917109419695704e-06
R_EX_CE5025_e	1.1917109422748817e-06
R_EX_CE2172_e	6.25197508832831e-07
R_EX_ppp9_e	4.869361914516812e-07
R_AACTte	-0.00011314069787699693
R_EX_aact_e	0.00011314069787698652
R_CE5629t	6.020841297228741e-07
R_EX_CE5629_e	6.020841295251156e-07
R_EX_CE2705_e	2.0990254579293655e-06
R_SPHGNte	-3.694261675124544e-06
R_SELMETHt2e	-2.2291936379502386e-05
R_EX_prist_e	-9.397273046524157e-09
R_EX_CE2049_e	2.914449430568844e-06
R_ACER12r	2.42157339357639e-06
R_ACER23g	3.1046127401609946e-06
R_BGAL1e	2.3684557458464317e-06
R_BGAL2l	6.167576034610267e-08
R_BGAL3l	5.736010376351797e-06
R_DES21	6.226856237298936e-06
R_EX_gd3_hs_e	-2.6988823328966127e-09
R_CE2047te	2.8417024281607306e-06
R_EX_CE2047_e	2.8417024285250225e-06
R_LANOSTt	-2.878657357624492e-07
R_FDPte	2.7492942143679533e-06
R_2M3HBUc	2.617815339067686e-05
R_EX_gm3_hs_e	-5.4676866749481245e-09
R_GALGLUSIDEtl2	3.544411469406927e-05
R_EX_2m3hbu_e	2.6178153390770537e-05
R_GBA2e	2.195892679024425e-06
R_GD3tl	-2.6988821143214548e-09
R_GLA2l	6.227972640583668e-06
R_GLUSIDEtg	2.5122913686025095e-06
R_COKEtr	-3.9209269164786065e-10
R_GM1tg	8.098252735067035e-09
R_2M3OVCOAm	9.491655725446524e-06
R_GM1tl	3.7995786628108874e-08
R_GM2tg	-2.7307976747936724e-09
R_EX_5a2opntn_e	-9.143656422294644e-09
R_5A2OPNTNte	-8.312858425923997e-09
R_ARG_Dtx	-2.491209929317284e-09
R_ARG_Dte	1.6688429665956406e-09
R_EX_arg__D_e	-5.828895862508565e-09
R_HEXA1l	1.5014171626144546e-06
R_HEXA2l	5.736010376122813e-06
R_HEXA3e	-7.231464923401765e-09
R_GD3tlc	5.3902065859125214e-06
R_LANOSTtr	1.2122292301318394e-06
R_EX_idl_hs_e	-7.102864400809761e-09
R_EX_ldl_hs_e	-3.575595833305023e-09
R_EX_hdl_hs_e	-1.498516304099251e-09
R_EX_HC00005_e	-6.77418235395244e-09
R_2M3OVACm	9.491655725574893e-06
R_DM_gd3_hs_g	-1.2253568056064257e-09
R_2M3OVACtm	9.491655725689385e-06
R_2M3HVACte	9.491655725838571e-06
R_GD3tm	7.452809798816351e-07
R_DM_pail35p_hs_n	2.0898099901758838e-06
R_DM_gd3_hs_m	7.452809798712268e-07
R_NEU21	1.7433334315184327e-08
R_NEU23	1.786823170308542e-08
R_NEU24	1.7094109020499632e-08
R_NEU25	1.709013186614586e-08
R_NEU32e	-3.329638675886315e-09
R_DM_pcreat_c	4.1309649978261975e-06
R_DM_na1_x	-4.993693788341025e-09
R_DM_na1_g	-4.993693802218813e-09
R_NEU34e	9.89519763194141e-08
R_EX_2m3hvac_e	9.491655725876735e-06
R_NEU35e	-7.1998787487537186e-09
R_DM_thm_m	1.2535266249495691e-05
R_DM_15HPET_n	1.3346147606056735e-06
R_NEU37e	-8.162153725468912e-09
R_EX_pail_hs_e	1.1489378179373178e-06
R_NEU38n	1.0844610727200887e-06
R_EX_CE1243_e	1.0405966837101488e-06
R_3H3MGLTc	1.0287631059716085e-05
R_EX_galgluside_hs_e	5.147626272322681e-07
R_EX_ga1_hs_e	1.2805352750389076e-08
R_SMS1S2	4.170133883291127e-06
R_SMS21e	1.3829262686705646e-06
R_SPHK22n	3.08689366984409e-06
R_SPHMYLNte	3.6623265133005345e-06
R_ST8SIA13e	-8.010427690087474e-09
R_NO2t2r	3.764055196003868e-09
R_NH4tr	-9.728159514957313e-07
R_EX_gt1b_hs_e	1.2243351086432819e-08
R_HMR_0002	-5.98174125401689e-09
R_HMR_0015	-3.3463179241466356e-09
R_HMR_0016	-6.715613651980812e-09
R_HMR_0020	-4.547623897901282e-05
R_BUTt	-1.7838136895279022e-05
R_HMR_0164	-3.660296857277423e-10
R_UDPGALt2n	2.878068012582974e-06
R_UDPGALt2r	1.3408691636396936e-05
R_TETPENT3COAtm	-2.985321492784271e-06
R_THCRMtl	7.267590634140592e-06
R_3MGLUTACtm	1.7636077492402813e-05
R_PCHOL_HStn	2.779156065502164e-06
R_CHOLPtn	-2.7791560682777217e-06
R_PHCRMter	3.122243497518523e-06
R_HMR_0166	-5.176523511923881e-09
R_EX_3mglutac_e	7.0667678260284694e-06
R_HMR_0168	1.33812706295134e-06
R_HMR_0172	-5.176525381955788e-09
R_SPHGNtg	-2.4090341931466697e-06
R_SPHINGStn	3.835923182697598e-06
R_SPHINGStg	-1.0541268893118905e-06
R_EX_cmpacna_e	-9.916195989334575e-10
R_EX_gd2_hs_e	-9.155717850539702e-10
R_HMR_0178	8.115223632598062e-06
R_DHCRMtg	2.4090341930911585e-06
R_HMR_0180	-4.9065021123697455e-09
R_GDA1tn	3.242113814361236e-07
R_PHSPHINGStg	3.104612740265078e-06
R_PHSPHINGStr	3.1222434977752622e-06
R_SK_34dhpac_c	-6.590733662212647e-05
R_34DHPEt	-5.176443537547107e-05
R_DM_ts3_c	9.400559150780918e-06
R_HMR_0183	2.847184432663852e-10
R_HMR_0184	-4.2013091968058636e-09
R_HMR_0188	1.2744059462721502e-06
R_FACOAE120	2.6553937668621908e-05
R_HMR_0194	4.4063337560395e-06
R_HMR_0200	2.1135462849874997e-06
R_HMR_0203	3.3927209662568125e-06
R_HMR_0206	4.515315280343574e-06
R_DM_sph1p_n	3.0868936700609306e-06
R_DM_sphs1p_n	3.835923182728823e-06
R_DM_gda1_hs_n	3.24211381051015e-07
R_GALSIDEtn	-2.87806801474097e-06
R_HMR_0208	3.2257277123096117e-06
R_HMR_0210	5.224768588388967e-06
R_HMR_0214	2.450954435209013e-06
R_CERT1tn	2.8780680136272774e-06
R_Rtotalter	-6.602816190737909e-06
R_HMR_0215	2.2105730073298385e-06
R_DM_phsph1p_c	1.3796110264370498e-06
R_3MGLUTRc	1.056930966639169e-05
R_GD1Atn	1.084461073056625e-06
R_ATPtg	7.3700299293884275e-06
R_GD1Btl	5.736010376664047e-06
R_DM_gd3_hs_l	3.4310490802658133e-07
R_HMR_0232	3.3322809185470925e-06
R_HMR_0235	6.432677804798191e-06
R_HMR_0238	2.451945740906264e-06
R_HMR_0240	4.412874896428387e-06
R_3MGLUTRte	1.056930966639516e-05
R_HMR_0243	4.4048134731087055e-06
R_EX_3mglutr_e	1.056930966639516e-05
R_HMR_0244	4.412891165365973e-06
R_PPIOGLYc	2.871775113659011e-06
R_HMR_0246	2.4498222700904126e-06
R_HMR_0254	3.3180253788400726e-06
R_HMR_0256	4.809676154734349e-06
R_HMR_0289	1.9283821387494626e-06
R_HMR_0292	3.560838997614113e-06
R_HMR_0302	4.2125624673608475e-06
R_FACOAL1812	1.502843705314394e-06
R_HMR_0303	5.963898330778143e-06
R_HMR_0260	6.585873175257717e-06
R_PPIOGLYtm	2.8717751137490033e-06
R_HMR_0267	1.379493066999693e-06
R_HMR_0304	3.4084332351247415e-06
R_PPIOGLYte	2.8717751138149228e-06
R_HMR_0305	1.6895280461892703e-06
R_HMR_0306	4.457516094662911e-06
R_HMR_0319	1.2217078901310963e-06
R_HMR_0322	3.1861276242398096e-06
R_HMR_0324	5.42335334399735e-06
R_HMR_0325	7.0280372312207795e-06
R_HMR_0268	1.0666511767024045e-05
R_HMR_0270	3.5888714058837645e-06
R_HMR_0271	1.256545343109039e-06
R_HMR_0272	3.344170841700772e-06
R_HMR_0273	5.676496904222228e-06
R_HMR_0276	5.707151172065078e-06
R_HMR_0277	2.2142561220909324e-06
R_HMR_0280	2.4519471704398388e-06
R_MVLACc	5.2374871442460724e-05
R_HMR_0288	3.7969788685351946e-06
R_HMR_0811	3.484604698344995e-06
R_HMR_0587	-1.7304974918308513e-09
R_HMR_0593	7.677535407091263e-06
R_HMR_0391	4.952362661643679e-06
R_HMR_0392	3.803681183085772e-06
R_HMR_0393	1.93314005864087e-06
R_HMR_0394	3.352344987144623e-06
R_FACOAE1829Z12Z	4.6323220183573655e-06
R_HMR_0410	2.5405499324681474e-05
R_HMR_0415	2.143033041589887e-06
R_HMR_0329	4.405380296150334e-06
R_ACChex	-2.820597463162877e-06
R_HMR_0344	4.1466896555583665e-06
R_HMR_0345	2.2069756735465518e-06
R_HMR_0346	2.7610303538899705e-06
R_HMR_0347	4.700744337319922e-06
R_HMR_0354	0.00013931283083679427
R_HMR_0358	3.478759099284634e-06
R_HMR_0367	2.2129532327415727e-06
R_HMR_0371	2.210576105806175e-06
R_HMR_0381	1.7012434573304702e-06
R_HMR_0423	2.2105731476707025e-06
R_HMR_0426	2.8328159952829834e-06
R_HMR_0427	2.2111730251204997e-06
R_HMR_0429	1.923413780913208e-06
R_HMR_0430	3.3818118291562005e-06
R_HMR_0597	2.3814418702652884e-06
R_HMR_0598	1.976052063850514e-06
R_HMR_0601	7.677535407216163e-06
R_HMR_0433	1.6374832427223929e-06
R_HMR_0434	4.86040290312989e-06
R_HMR_0437	1.959376558613446e-06
R_HMR_0383	6.107997018213636e-06
R_HMR_0384	3.0976119818684755e-06
R_HMR_0386	5.9209919278553624e-06
R_HMR_0814	9.394052340456864e-07
R_HMR_0469	2.2411725187493348e-06
R_HMR_0582	1.3656253657345907e-06
R_HMR_0629	2.3814418691620043e-06
R_HMR_0817	1.2361988292325377e-06
R_HMR_0822	7.630828591417734e-08
R_HMR_0823	1.157370475367292e-06
R_HMR_0960	7.195079035476892e-05
R_HMR_0641	1.1883725874878293e-08
R_HMR_0966	1.0912054656198045e-05
R_HMR_0824	4.662843062420985e-06
R_HMR_0825	2.25592183344947e-06
R_HMR_0984	1.334614759918723e-06
R_HMR_0827	4.4185609255542255e-06
R_HMR_0985	1.334614760356307e-06
R_HMR_0830	3.87171351153015e-06
R_HMR_0986	1.3378078476187875e-06
R_HMR_0653	2.1920073103004478e-05
R_HMR_0836	3.010465401021012e-06
R_HMR_0837	7.519372667991187e-07
R_HMR_0839	7.094458907563543e-08
R_HMR_1030	2.922382962960643e-06
R_HMR_1033	2.5150992402959114e-06
R_HMR_1037	2.1908506712469897e-06
R_HMR_1039	2.5150992406901274e-06
R_HMR_1077	1.3453077134283412e-06
R_HMR_0841	1.0381643951861298e-06
R_HMR_0843	5.150228359371983e-06
R_HMR_0846	5.220727444675208e-08
R_HMR_0847	9.413091972554355e-09
R_HMR_0852	9.656452419401886e-07
R_HMR_0853	4.307272143415277e-07
R_HMR_0855	8.15445888956547e-07
R_HMR_0868	7.151946505471005e-07
R_HMR_0870	1.1283223470617831e-06
R_HMR_1081	2.976233524730129e-05
R_HMR_1084	3.4862303248395232e-06
R_HMR_1085	6.329551023880346e-06
R_HMR_1095	-5.7313064031234984e-05
R_HMR_1102	5.7189673649857276e-05
R_HMR_1127	1.640114258739207e-06
R_HMR_0873	-7.151946504711792e-07
R_HMR_0875	3.825957484132614e-06
R_HMR_0876	1.2626102827029834e-06
R_HMR_0877	5.366817822322154e-07
R_HMR_1242	2.4839730595943577e-05
R_HMR_1284	-8.251886168039041e-06
R_HMR_1305	1.0657540567199364e-05
R_HMR_1306	-5.612164577263601e-07
R_HMR_0890	2.563347200390531e-06
R_HMR_0907	1.4346443265068898e-06
R_HMR_0654	2.1920073104399196e-05
R_HMR_0910	5.188855853946461e-07
R_HMR_0911	6.098172871740748e-07
R_HMR_0912	2.3943200272123766e-06
R_HMR_1311	-2.4919014113090887e-05
R_HMR_1315	-3.9350518311300625e-05
R_HMR_1325	2.372578556578478e-05
R_HMR_1331	6.243535008443324e-09
R_HMR_1373	-3.5921180538064923e-07
R_HMR_1388	2.251027564410921e-06
R_HMR_1392	4.82392048577196e-06
R_HMR_1465	-1.4783454300726362e-06
R_HMR_1738	6.256092623113663e-08
R_HMR_1740	7.248935314801855e-08
R_HMR_1744	7.248934900949688e-08
R_SMO	2.5933395461225084e-06
R_HMR_0657	2.192007310581473e-05
R_LNSTLS	2.5933395485441824e-06
R_HMR_1479	1.0727295808449222e-06
R_C3STDH1	9.614853623135522e-07
R_HMR_1745	-9.914517127423972e-09
R_HMR_1746	7.248934661210904e-08
R_HMR_1747	-9.884133286147678e-09
R_HMR_1748	7.24893443777852e-08
R_HMR_1502	1.9431248514945043e-06
R_HMR_1503	1.9431248523826827e-06
R_HMR_1505	1.943124853728828e-06
R_CHLSTI_1	1.9431248547696622e-06
R_HMR_1753	-8.99279809646325e-09
R_HMR_1756	-7.449698215949985e-09
R_DSMSTOLR	1.0760366527112764e-06
R_HMR_1758	7.248933819523073e-08
R_HMR_0672	7.677535407368818e-06
R_HMR_1759	-8.95196027722589e-09
R_HMR_1536	2.4287146578455543e-06
R_HMR_1538	2.4287146601076337e-06
R_HMR_1539	2.4287146622031797e-06
R_HMR_1762	2.057161484894654e-06
R_HMR_1765	2.0571614850473097e-06
R_HMR_1767	2.5347807900229522e-08
R_HMR_1768	2.6205009995866504e-08
R_HMR_1771	3.4940288877993986e-08
R_HMR_1781	2.2907170667710395e-06
R_HMR_0753	-7.677535407743519e-06
R_HMR_1783	2.290717066793977e-06
R_HMR_1785	1.9066952646699248e-06
R_HMR_1543	1.5745782208087533e-06
R_HMR_1547	1.5745782273833553e-06
R_HMR_1549	1.5745782299403377e-06
R_HMR_1786	1.9798000633031946e-06
R_HMR_1838	5.186109427267209e-06
R_HMR_1550	1.5745782309811718e-06
R_HMR_1897	1.287988316084343e-06
R_HMR_1551	1.574578231883228e-06
R_HMR_1916	2.212114083077754e-06
R_HMR_0765	2.5310175458852918e-05
R_HMR_1927	6.199080684186897e-06
R_HMR_1627	7.624668509065291e-08
R_HMR_1629	4.4866869070748164e-09
R_HMR_1630	6.502952922692287e-08
R_HMR_1631	4.383860718529552e-09
R_HMR_1637	4.8250751637224365e-08
R_HMR_1929	6.1990806844129805e-06
R_HMR_1653	6.737613800211761e-08
R_HMR_0767	4.079849364305166e-06
R_HMR_1666	4.930338546597218e-06
R_HMR_1706	3.435085151992645e-06
R_HMR_1940	8.394899488793563e-07
R_HMR_1944	7.842128353929113e-06
R_HMR_1949	5.848078600684191e-07
R_HMR_1958	1.8202494916760636e-06
R_HMR_1962	7.994321104924651e-07
R_HMR_1968	7.301016295266694e-06
R_HMR_1971	7.301016295283397e-06
R_HMR_1996	1.7208996784578198e-08
R_HMR_0769	-4.117348566753248e-06
R_HMR_2010	1.8571641877914766e-08
R_HMR_2016	1.3515460578206184e-06
R_HMR_1980	2.5648306412133346e-06
R_HMR_1981	1.662000163615661e-06
R_HMR_1982	1.1744899100085834e-06
R_HMR_1983	1.1744899099486338e-06
R_HMR_2018	1.3138904108788915e-06
R_HMR_2029	3.2254832627032215e-07
R_HMR_0770	-4.27940575916802e-05
R_HMR_2041	2.4505764047298706e-05
R_HMR_2088	0.00010128794408452435
R_HMR_2089	-0.00010128794408470476
R_HMR_0771	-4.6043443721725114e-05
R_HMR_2090	-0.0001012879440846215
R_HMR_2193	3.379797294391501e-06
R_HMR_2210	1.7647769285547565e-05
R_HMR_0783	2.1714889081661526e-06
R_HMR_2211	7.839347546056974e-06
R_HMR_2215	1.055544230199601e-05
R_HMR_2218	1.0555442305475865e-05
R_HMR_2260	9.919407975018946e-06
R_HMR_2268	-9.535387354708824e-09
R_HMR_2289	-8.568895246141572e-09
R_DESAT18	2.6813255861873886e-06
R_HMR_2296	1.05179215588308e-05
R_HMR_2332	1.0391227616923793e-05
R_HMR_2336	1.0391227620427934e-05
R_HMR_2270	-1.0782458134683814e-08
R_HMR_2282	2.834034420112763e-06
R_HMR_2342	1.068589142022569e-05
R_HMR_2284	2.1018688545759723e-06
R_HMR_2343	1.0685891420628146e-05
R_HMR_0803	3.7202368935798646e-06
R_HMR_2344	1.068589142097856e-05
R_HMR_2347	6.712939170955279e-06
R_DESAT16	2.1094543775496133e-06
R_HMR_2287	2.644408291313516e-06
R_HMR_2348	6.712939171281407e-06
R_HMR_0805	2.618116089928707e-06
R_HMR_2350	6.712939171538146e-06
R_HMR_2353	4.2877767408855405e-06
R_HMR_2533	8.09946025106395e-06
R_HMR_2541	4.902192271685757e-06
R_HMR_2354	4.287776741218607e-06
R_HMR_2359	5.180171670920997e-06
R_HMR_2361	6.215379200563698e-06
R_HMR_2364	6.215379201243709e-06
R_HMR_2542	4.902192271890454e-06
R_HMR_2560	1.3584131286492607e-07
R_HMR_2569	-1.5810271591851222e-06
R_HMR_2581	2.651649982310378e-06
R_HMR_2603	2.6213951197374963e-05
R_HMR_2604	-2.621583570702052e-05
R_HMR_2609	1.0694905736623184e-05
R_HMR_2365	3.2559590268932403e-06
R_HMR_2368	2.640710251855527e-06
R_HMR_2374	7.108164558574173e-05
R_HMR_2380	2.1780938363191726e-05
R_CARN140t_m	-4.470828105236635e-06
R_HMR_2620	-1.523482189125236e-06
R_HMR_2621	1.5253666987777303e-06
R_HMR_2391	1.536337539865401e-05
R_HMR_2393	5.817591901990937e-06
R_HMR_0806	4.338004218448072e-06
R_HMR_2395	6.813110697556635e-07
R_HMR_0807	5.891638631794205e-06
R_HMR_2435	3.697653280964469e-06
R_HMR_2457	7.0549600996450135e-06
R_HMR_2624	9.619962966431195e-07
R_HMR_2633	-4.559885950494724e-07
R_HMR_2737	5.223718389929521e-07
R_HMR_2634	4.519800981012123e-06
R_HMR_2648	-2.40580362576015e-09
R_HMR_2649	5.2413089285385794e-09
R_HMR_2652	5.228406561863519e-09
R_HMR_2673	5.219578537961345e-06
R_HMR_2676	2.1960676152565917e-08
R_HMR_2677	-2.621683563991395e-08
R_HMR_2681	9.247614970744888e-06
R_HMR_2682	-9.245730461335255e-06
R_HMR_2683	-9.243845951925622e-06
R_HMR_2687	4.202278845316654e-07
R_HMR_2692	-4.7109993393107397e-07
R_HMR_2700	-9.930570106418679e-06
R_HMR_2704	5.742953765902614e-06
R_HMR_2705	5.431666799060597e-06
R_HMR_2657	7.816419331230229e-07
R_VACCCPT1	-2.5606422668633666e-06
R_HMR_2706	-5.42978229036567e-06
R_HMR_2666	-6.640610101027455e-06
R_CARN1829Z12Zt_m	2.6012024878369067e-06
R_HMR_2668	-5.27305476741291e-07
R_HMR_2735	-5.159350777370064e-07
R_HMR_2710	-4.420981139785507e-07
R_HMR_2711	-3.644187087509243e-06
R_HMR_2722	7.066918990956267e-05
R_HMR_2731	-2.7374297688349813e-05
R_HMR_2951	3.330868926398889e-06
R_HMR_2734	5.178195872784785e-07
R_CARN1836Z9Z12Zt_m	1.0011210346827504e-07
R_HMR_2954	3.330868926398889e-06
R_HMR_2961	3.330868926398889e-06
R_HMR_2963	3.330868926398889e-06
R_HMR_2965	3.330868926398889e-06
R_HMR_2967	3.330868926398889e-06
R_HMR_2970	3.330868926398889e-06
R_HMR_2972	3.330868926398889e-06
R_HMR_2973	1.184604920323462e-06
R_HMR_2974	3.330868926398889e-06
R_HMR_2988	3.330868926398889e-06
R_HMR_2753	-1.6009203002917416e-06
R_HMR_2975	3.330868926398889e-06
R_HMR_2978	3.330868926398889e-06
R_HMR_2757	-5.569870314414693e-07
R_HMR_2983	3.330868926398889e-06
R_HMR_2985	3.330868926398889e-06
R_HMR_2760	6.07738917524081e-07
R_HMR_2994	1.5665397470332465e-06
R_HMR_2999	3.330868926398889e-06
R_HMR_2764	1.9465514953589946e-06
R_HMR_3021	3.365277658163787e-07
R_HMR_3023	9.837172943230436e-06
R_HMR_3054	-6.5249444528014955e-09
R_HMR_3055	-6.537314922033799e-09
R_HMR_3114	5.3388340033599935e-06
R_HMR_2768	4.035241378125276e-07
R_HMR_9667	5.999478792234614e-09
R_HMR_3057	7.903710821738352e-06
R_HMR_3059	7.903710824569421e-06
R_HMR_3115	8.641085033039841e-06
R_HMR_3062	4.749839315539017e-06
R_HMR_3116	3.194110273330164e-05
R_HMR_2769	-4.0163962866657243e-07
R_KAT180_m	3.1941102733218374e-05
R_HMR_3063	4.749839316679598e-06
R_HMR_3067	5.876689765626705e-06
R_HMR_2770	-3.997551195067395e-07
R_HMR_3070	4.840857258880948e-06
R_HMR_3071	4.840857259193199e-06
R_HMR_3072	4.840857259422182e-06
R_HMR_3128	7.292042041834312e-06
R_ACOADH100_m	7.05914064412505e-06
R_HMR_3170	9.923942297485056e-06
R_HMR_3172	9.91919899787086e-06
R_HMR_3073	4.840857259491571e-06
R_HMR_3075	1.3661083697065653e-05
R_HMR_3174	9.888238862415522e-06
R_HMR_2771	4.74733620581258e-07
R_HMR_3176	9.883495562357236e-06
R_HMR_3184	-9.708746889769415e-09
R_HMR_3096	1.5705038586291686e-05
R_HMR_3097	1.570503858626393e-05
R_HMR_3099	1.398656596549204e-05
R_HMR_3185	-9.791684851823135e-09
R_HMR_3189	-9.049750199219275e-09
R_HMR_3190	-1.0657633650601461e-08
R_HMR_3191	-1.0160384200652572e-08
R_HMR_3192	-9.972642350808414e-09
R_HMR_3193	-9.909781328865108e-09
R_HMR_3195	8.1053138525633e-06
R_HMR_3101	1.398656596539316e-05
R_HMR_3102	2.6383329851734083e-06
R_HMR_3106	-0.0001225197362075721
R_HMR_3111	5.338834002777126e-06
R_HMR_3200	8.100137329575263e-06
R_HMR_3203	8.094960806892537e-06
R_HMR_2773	-4.709646013595359e-07
R_HMR_3204	8.094960807031315e-06
R_HMR_3205	8.094960807142337e-06
R_HMR_3218	5.427897782545044e-06
R_HMR_3478	-4.667205951575104e-09
R_HMR_3225	5.42513765139363e-06
R_HMR_3220	5.427897783932822e-06
R_HMR_3221	5.427897784460178e-06
R_HMR_3229	5.275347208261172e-06
R_HMR_3234	1.1929610394229018e-05
R_HMR_3222	5.425137650810763e-06
R_HMR_2776	-3.732425129035488e-07
R_HMR_3240	9.243845952050522e-06
R_HMR_3241	9.243845952161545e-06
R_HMR_2819	-2.900628193688512e-05
R_HMR_3243	9.243845952106033e-06
R_HMR_3244	6.679434665812778e-06
R_HMR_2827	2.095810398589082e-05
R_HMR_3247	6.679434665479711e-06
R_HMR_3321	5.233733688284059e-06
R_HMR_3328	9.837172947488315e-06
R_HMR_3332	5.0635886407329744e-06
R_HMR_3333	5.0635886416489084e-06
R_HMR_3408	4.5704252638056886e-07
R_HMR_3409	5.086654675245939e-07
R_HMR_3413	4.7109993384086835e-07
R_HMR_3335	5.063588643242252e-06
R_HMR_3336	5.06358864389711e-06
R_HMR_3414	4.842019581952073e-07
R_HMR_3338	5.063588644826922e-06
R_HMR_3416	4.4209811356221707e-07
R_HMR_3339	5.063588645133968e-06
R_HMR_3421	2.9485385033556355e-07
R_HMR_2851	-2.658333147034439e-05
R_HMR_3425	3.7324251322967683e-07
R_HMR_3426	6.161722544417714e-07
R_HMR_3340	5.0635886453404e-06
R_HMR_3342	1.2552698471876567e-05
R_HMR_3343	1.2552698471863556e-05
R_HMR_3345	1.2552698471848811e-05
R_HMR_3427	4.1186373278545574e-07
R_HMR_3428	5.98117819716748e-07
R_HMR_3346	1.2552698471834933e-05
R_HMR_3347	1.2552698471823658e-05
R_HMR_3349	1.25526984717933e-05
R_HMR_3351	1.2552698471779422e-05
R_HMR_3353	1.2552698471751667e-05
R_HMR_3431	5.159350776606786e-07
R_HMR_3432	5.204873289033074e-07
R_HMR_3433	3.529498336929393e-07
R_HMR_3448	2.946675746351435e-06
R_HMR_3449	6.525743558749575e-06
R_HMR_3450	6.525743558832842e-06
R_HMR_3398	5.195786424438964e-07
R_HMR_3407	5.273054767274132e-07
R_HMR_3505	-7.72026079176591e-09
R_HMR_3453	3.0819415573757336e-06
R_HMR_2859	-1.4402353591680406e-06
R_HMR_3456	3.0819415571259334e-06
R_HMR_3457	3.0819415571120556e-06
R_HMR_3475	6.4443747795073225e-06
R_HMR_3597	4.5476238979023226e-05
R_HMR_3625	3.330868926468278e-06
R_HMR_3626	3.330868926468278e-06
R_HMR_3630	3.330868926468278e-06
R_HMR_3636	3.330868926468278e-06
R_HMR_2861	2.940292920807462e-05
R_HMR_3637	3.330868926468278e-06
R_HMR_3639	3.330868926468278e-06
R_HMR_3695	3.3308689264439917e-06
R_HMR_3696	3.3308689264439917e-06
R_HMR_3703	3.3308689264439917e-06
R_HMR_3708	3.3308689264439917e-06
R_HMR_3709	3.330868926442257e-06
R_HMR_3710	3.3308689264630736e-06
R_HMR_3712	2.776605188360877e-05
R_HMR_3713	3.330868926442257e-06
R_HMR_3714	3.330868926442257e-06
R_HMR_3640	3.330868926468278e-06
R_HMR_2865	5.524032137289164e-06
R_HMR_3644	3.330868926468278e-06
R_HMR_3647	3.330868926468278e-06
R_HMR_3715	3.3308689264439917e-06
R_HMR_3716	3.3308689264439917e-06
R_HMR_3719	3.3308689264439917e-06
R_HMR_3650	3.330868926468278e-06
R_HMR_3722	3.330868926442257e-06
R_HMR_3656	3.330868926468278e-06
R_HMR_2884	1.0141857103105473e-06
R_HMR_3657	3.330868926468278e-06
R_HMR_3658	3.330868926468278e-06
R_HMR_3723	7.126555116469813e-06
R_HMR_3725	3.3308689264439917e-06
R_HMR_3727	3.330868926442257e-06
R_HMR_3662	3.057448638638105e-05
R_HMR_3728	3.3308689264439917e-06
R_HMR_2886	-1.0160702198780402e-06
R_HMR_3734	7.5215706083157224e-06
R_HMR_3736	3.3308689264439917e-06
R_HMR_3664	7.126555116504507e-06
R_HMR_3665	3.330868926468278e-06
R_HMR_3666	3.330868926468278e-06
R_HMR_3667	3.330868583215074e-06
R_HMR_3739	3.3308689264439917e-06
R_ASPT	9.3172376884193e-06
R_HMR_3855	3.051985178932626e-05
R_HMR_3915	4.799036816759833e-05
R_HMR_3951	8.29997416742223e-05
R_HMR_3966	2.0739320626267377e-06
R_HMR_3670	3.330868926468278e-06
R_HMR_3675	7.521570607918471e-06
R_HMR_3681	3.330868926468278e-06
R_HMR_3682	3.330868926468278e-06
R_HMR_3685	3.3308689264439917e-06
R_HMR_3686	3.3308689264439917e-06
R_HMR_4079	1.998177850459637e-06
R_HMR_4124	3.42069356278063e-06
R_HMR_4266	1.582087450560654e-05
R_NADPPPS	0.00010051661725069341
R_UPPRT	3.268937286425057e-05
R_HMR_3688	3.3308689264439917e-06
R_HMR_3694	3.330868926442257e-06
R_HMR_2888	2.607143238067197e-06
R_XYLR	7.064466210904286e-07
R_HMGCOARx	3.2684421486545157e-05
R_HMR_6633	3.1507876291081427e-06
R_XPPT	2.2648739081108926e-06
R_HMR_2942	3.330868926398889e-06
R_DCTPD	1.9543276612327132e-05
R_TYROX	3.336927290737736e-06
R_HMR_6785	4.342369046540784e-06
R_CHOLD	4.632272743962471e-06
R_HMR_4700	1.3756629160359413e-06
R_HMR_4701	2.642653088751122e-06
R_4HALDD	4.1337052772705274e-05
R_HMR_6850	7.993823150902885e-07
R_HMR_2943	3.330868926398889e-06
R_HMR_6854	8.452137902330986e-09
R_HMR_6876	-6.581842066016169e-06
R_HMR_6907	4.943634032764099e-07
R_HMR_6908	4.94363405559306e-07
R_HMR_6909	4.943634072229058e-07
R_HMR_4756	1.5488141421396429e-06
R_HMR_4790	-3.375343206671322e-08
R_SUCCt4_3	7.792542187695303e-07
R_HMR_4957	6.936296307932105e-06
R_GLNtm_1	1.2254169226670608e-05
R_URIK2	3.832659749863909e-05
R_HMR_5387	2.9541155548568065e-06
R_HMR_5389	2.9541155545931286e-06
R_METOX	3.289208834285004e-06
R_HMR_6975	-6.642652081167988e-09
R_HMR_6976	-8.869169766667628e-09
R_HMR_6978	-1.1219996431943713e-08
R_CITt4_3	8.021468914057306e-06
R_HMR_6362	2.3684846931093534e-06
R_HMR_2944	3.330868926398889e-06
R_HMR_6365	2.3781436450353094e-06
R_HMR_6385	1.3275307482393806e-05
R_HMR_7173	-5.103700226327668e-09
R_HMR_7182	-9.716418346988887e-09
R_HMR_7197	1.9213184248613457e-05
R_HMR_7199	1.28087895226274e-05
R_HMR_2946	3.330868926398889e-06
R_HMR_7256	6.782256050524849e-08
R_HMR_7257	3.9839938248062423e-07
R_HMR_7431	6.404394725982587e-06
R_HMR_6408	-6.0583439098760294e-09
R_HMR_6456	-1.0578117489584704e-08
R_HMR_6500	7.88774250943744e-06
R_HMR_6515	1.882172332635934e-06
R_SO4t4_3	1.0674139190162397e-06
R_GLYCTO1	1.724426676338126e-08
R_HMR_7711	2.0838606748563304e-05
R_CLOHtex2	0.00012175497818173522
R_HMR_6545	1.3645795055340637e-05
R_AMPtn	5.34606620693559e-06
R_HMR_7720	2.1430443314790493e-06
R_HMR_6549	4.9059142586821425e-06
R_HMR_6558	3.5345956793941813e-06
R_HMR_2947	3.330868926398889e-06
R_HMR_6583	1.3293419443057702e-05
R_HMR_6584	4.857738560980207e-06
R_HMR_6607	-7.934585558033724e-10
R_HMR_6629	6.593461229539854e-06
R_HMR_7748	-2.805083742403458e-05
R_HMR_7749	2.8050837424048458e-05
R_HMR_7756	6.681538884994488e-06
R_HMR_7898	-7.263176452637632e-09
R_HMR_9670	-4.297710116252934e-05
R_HMR_2948	3.330868926398889e-06
R_HMR_7900	-3.998665894927589e-09
R_HMR_7906	5.091318369170039e-06
R_HMR_9671	-4.2977101170210696e-05
R_HMR_7944	1.1755948785101278e-06
R_HMR_8643	-5.780916467745811e-09
R_CLFORtex2	9.012683994501225e-05
R_HMR_8762	-5.445533884929077e-09
R_GALt4_2	2.517880270316481e-06
R_GLCt4_2	2.549821910900368e-06
R_HMR_9175	-3.99373297974015e-09
R_HMR_9176	-1.944529453012933e-06
R_HMR_9180	1.1311696169573338e-05
R_HMR_9184	1.3877787807814457e-16
R_HMR_9187	1.3324487717104871e-05
R_HMR_9188	7.588280534071012e-07
R_APRGSTRNte	-2.1712952596612822e-05
R_HMR_8023	1.096749833312538e-09
R_3AIBt	2.128435269319398e-05
R_HMR_8271	4.942204900361402e-07
R_HMR_8374	-5.449221730097209e-09
R_HMR_8395	1.2010956223149072e-06
R_HMR_8418	-1.1865285987310015e-06
R_HMR_9189	0.0002937855995172184
R_HMR_9561	-3.3296018091472713e-09
R_HMR_9581	1.523476028689858e-05
R_DCYTtm	-4.1248021282483394e-05
R_HMR_8476	-2.504850979236084e-05
R_HMR_9582	1.5234760286901398e-05
R_HMR_8567	-5.508279408983352e-09
R_FA160tp	-1.2214863591403224e-05
R_HMR_8570	-6.367636168781027e-09
R_HMR_8577	-9.785685532292393e-09
R_HMR_8579	-9.396242912212971e-09
R_SO4t_e	-2.6249139690494305e-05
R_HMR_9593	1.9387804300769265e-05
R_HMR_9604	3.6614740454844166e-06
R_HMR_9605	2.0101160799082182e-05
R_PNTOt1	2.3182836012269892e-05
R_HMR_8580	-6.804750899477158e-09
R_HMR_8588	-9.89807083517924e-10
R_HMR_9608	-2.6738558867034357e-09
R_HSK	-6.328764005913978e-09
R_HMR_9609	1.5722432757131477e-05
R_HMR_9610	6.428277940366492e-07
R_HMR_9612	2.0273036410594497e-05
R_HMR_9614	3.5384967035989384e-06
R_HMR_9617	3.3721349264252784e-06
R_HMR_9619	2.835089138290489e-05
R_HMR_9622	1.7204290088137672e-08
R_HMR_9623	1.7212719547689707e-08
R_3DHLCAt2	4.190300074187204e-06
R_7DHCDCHOLt	-2.024978855543055e-06
R_7DHCDCHOLt2	4.327117977007003e-06
R_7DHCHOLabc	2.3021391214461673e-06
R_7DHCHOLt	-2.024978855543814e-06
R_7DHCHOLt2	4.327117977006868e-06
R_HMR_9624	1.7203850170613977e-08
R_HMR_9625	3.786506151313984e-06
R_HMR_9626	-3.30534758764614e-05
R_HMR_9628	2.5150992406658412e-06
R_CA24GSr	3.305999718071944e-08
R_CA24Gtr	-3.4437047515684105e-08
R_HMR_9631	1.8989854043173493e-06
R_HMR_9635	4.2681950119041745e-06
R_HMR_9638	3.446568899070912e-06
R_CA3Sabc	1.560218787277634e-06
R_HMR_9720	2.1415126612994717e-08
R_CASULT	3.444110832436729e-08
R_CDCA24Gte	2.9114816900155382e-06
R_HMR_9640	7.708764520826528e-05
R_HMR_9642	6.644755789497053e-06
R_HMR_9644	1.434644325119111e-06
R_HMR_9647	9.394052338553005e-07
R_HMR_9648	6.691638493316887e-10
R_HC02220t	-2.3792582573724496e-06
R_CDCA6AH	5.502043368501796e-06
R_COPROSTabc	2.3021391214461673e-06
R_COPROSTt	-2.024978855543814e-06
R_COPROSTt2	4.327117977006868e-06
R_DCA24GSr	1.985952529201933e-06
R_HMR_9656	3.094609031424611e-06
R_HMR_9660	-4.297918048539601e-05
R_HMR_9661	-4.2979180485402946e-05
R_HMR_9663	1.8989854046469468e-06
R_DCA3GSr	1.9859525292019057e-06
R_DCA3Sabc	1.560232457342714e-06
R_DCA3St	1.5421533635673153e-06
R_DM_icdchol_c	-4.9936937467076614e-09
R_DM_lca24g_c	4.196182882609811e-06
R_DM_3dhdchol_c	1.472496143153229e-06
R_HMR_9726	-3.995320980656894e-09
R_DM_7dhcdchol_c	-4.993693757116002e-09
R_DM_7dhchol_c	-4.993693757116002e-09
R_DM_lca3g_c	3.2812925381854596e-06
R_DM_tcdca3s_c	1.7910322683278856e-08
R_DM_thyochol_c	1.3066149688670259e-06
R_DM_ca24g_c	1.9912057506316083e-08
R_ADD	3.473397430655764e-05
R_DM_ca3s_c	1.7871288553183984e-08
R_DM_dca24g_c	3.12593633333344e-06
R_DM_dca3s_c	1.7930864119886092e-08
R_DM_uchol_c	-4.9936937467076614e-09
R_DM_gca3s_c	1.791100052994654e-08
R_DM_udca3s_c	1.7914925678347293e-08
R_HMR_9803	7.669258432825565e-06
R_EX_12dhchol_e	-4.993693795279919e-09
R_EX_3dhchol_e	1.2523257565816293e-06
R_DM_gcdca3s_c	1.7911913247764533e-08
R_DM_gdca3s_c	1.794119280917883e-08
R_DM_gudca3s_c	1.7913164854221897e-08
R_DM_hca24g_c	8.636369787443088e-07
R_EX_3dhlchol_e	1.359316463934307e-06
R_EX_7dhcdchol_e	-4.993693795279919e-09
R_EX_ca24g_e	4.903334724359887e-08
R_EX_ca3s_e	1.8018889068327493e-08
R_EX_cdca24g_e	2.9114816902826857e-06
R_EX_coprost_e	-4.993693795279919e-09
R_EX_dca3s_e	1.8079093618006414e-08
R_EX_hdca24g_e	1.3076684787921566e-06
R_EX_hdca6g_e	1.2889950465888589e-06
R_DM_hca6g_c	8.642877565752383e-07
R_DM_hdca24g_c	9.246489403869074e-07
R_EX_icdchol_e	-4.993693784871578e-09
R_HDCA24Gte	1.307668478500723e-06
R_HMR_9804	-7.669258433290471e-06
R_HDCA24Gtr	-1.0574641212714175e-06
R_HDCA6GSc	1.152036829585231e-06
R_HDCA6Gtr	-1.0429271242312632e-06
R_HYOCHOLt	-2.566874540019899e-06
R_EX_lca3g_e	2.6510258570380807e-06
R_EX_tca3s_e	1.805852523767415e-08
R_EX_tdca3s_e	1.8058942445609016e-08
R_EX_thyochol_e	1.2625591102703726e-06
R_EX_tudca3s_e	1.8061199473506928e-08
R_HYOCHOLt2	4.262385244881834e-06
R_ICDCHOLt2	4.327117977006786e-06
R_HMR_9807	-5.991687191536643e-09
R_ISOCHOLt	-2.0249788555450066e-06
R_GCA3St	1.5421688791196389e-06
R_GCASULT	3.4517128472277704e-08
R_EX_mem2emgacpail_prot_hs_e	1.8989854049730748e-06
R_GCDCA3Sabc	1.5602281088766823e-06
R_GDCA3St	1.542145295741848e-06
R_GUDCASULT	3.452127203882128e-08
R_HCA24GSr	1.00646427378734e-06
R_HCA24Gtr	-1.0064642735028995e-06
R_HCA6Gte	1.2465191618349358e-06
R_HCA6Gtr	-1.0069963861832065e-06
R_LCA24Gte	2.908047253946666e-06
R_LCA24Gtr	-2.9949610779594904e-06
R_LCA3GSr	2.6732856718116656e-06
R_TCASULT	3.451619083396083e-08
R_HMR_1635	4.8250751612938236e-08
R_TCDCA3Sabc	1.560227743890863e-06
R_TCDCA3St	1.5421694085691767e-06
R_TCDCA6AH	2.569174079073922e-06
R_UDCA3Sabc	1.5602288001015374e-06
R_TDCA3Sabc	1.5602278817805626e-06
R_UDCA3St	1.542165813143001e-06
R_TDCA3St	1.5421689391590147e-06
R_UDCHOLt	-1.2758816862300975e-05
R_C14STR	1.9431248431678316e-06
R_THYOCHOLabc	2.3621103829030154e-06
R_THYOCHOLt	-3.100309678801395e-06
R_HMR_1467	1.4783454334033053e-06
R_TUDCA3St	1.5421671946296754e-06
R_HMR_1644	6.737613791885089e-08
R_TUDCASULT	3.4521257106078695e-08
R_UCHOLabc	2.3021391214461673e-06
R_UCHOLt	-2.024978855545332e-06
R_12HTACRtep	-2.2256095802385134e-06
R_HMR_1500	1.943124850536937e-06
R_1331TAALThr	-6.5183998823603595e-09
R_1331TACRhr	-6.382991267483984e-09
R_1331TACRteb	-7.134218136389814e-09
R_13DMThr	-5.502268134172095e-09
R_13DMTtu	2.2190769153329626e-06
R_3HPVSTETteb	2.2171394641404274e-06
R_3HPVSTETtev	-2.2276279832145196e-06
R_3HPVSteb	2.2169564049320106e-06
R_3HPVStep	-2.4325325986632174e-06
R_13DMTtep	-2.2207849940704405e-06
R_14HMDZALThr	-5.705033130805337e-09
R_14HMDZhr	-5.705033130805337e-09
R_1513DTALThr	-5.557974455672188e-09
R_3HSMVACIDhep	-9.374291329300455e-09
R_3HSMVhep	-7.490409118481034e-09
R_3ISPVShc	-5.4002190982838094e-09
R_3ISPVSteb	2.2169580235695263e-06
R_4BHGLZhr	-2.923433654877794e-09
R_1513DTACRhr	-5.557974459141635e-09
R_1513TACRtu	2.219069007151908e-06
R_1531TACRtev	-7.134217099025175e-09
R_1531TALThr	-6.382991267483984e-09
R_15DMThr	-5.502268134172095e-09
R_4BHGLZtev	-2.2255253526413943e-06
R_4HATVACIDhc	2.4528578969201797e-06
R_15DMTtu	2.2190769153329626e-06
R_EX_nadh_e	-6.728966758795529e-09
R_1HIBUP_Sthv	-4.404079032016561e-09
R_1HMDGLUChr	-6.845189564046866e-09
R_2HATVACIDOXDhc	-8.361645261606432e-09
R_2HATVACIDthc	-2.1268473054754833e-07
R_2HATVLACGLUChr	-8.791687444026364e-09
R_2HATVLACGLUCteb	-9.668155367872217e-09
R_2HATVLACOXDhc	-7.178997713137847e-09
R_2HATVLACthc	-2.1268473054654544e-07
R_4HATVLACOXDhc	-6.460543880036293e-09
R_56DHPVShc	-7.3637577535788006e-09
R_56DHPVStev	-2.2258091730599505e-06
R_56EPPVStev	-2.2253656928872267e-06
R_5OHFVSGLUhc	-6.074079895307394e-09
R_5OHFVShc	-9.10448393239005e-09
R_5OHFVSteb	-6.724179303640998e-09
R_6AHGLZABCt	2.2190726690109186e-06
R_6AHGLZhr	-2.923433651408347e-09
R_6BHGLZABCt	2.2190753101239413e-06
R_6CSMVACIDhep	-9.221326084662973e-09
R_6CSMVACIDteb	-9.665993186414035e-09
R_2HIBUPGLUC_Sthv	-8.854566888732984e-09
R_31DMThr	-5.639034905691176e-09
R_31DMTtu	2.2190771624963634e-06
R_31DMTtep	-2.2205090799837235e-06
R_35DHPVShc	-2.814496881125455e-09
R_35DHPVStep	-2.3647240996946262e-07
R_6EPVShc	-3.2624421983373786e-09
R_6HLVSTAChep	-7.0846656805012564e-09
R_6HLVSTthep	4.515444376046451e-09
R_6HMSMVACIDhep	-9.221316772667354e-09
R_35DHPVSthc	-2.300738801381348e-07
R_3HIBUPGLUC_Sthv	-8.29274606622965e-09
R_EX_glc__D_e	-1.3760614258728765e-05
R_3HIBUP_Rthv	-4.073813907740087e-09
R_3HIBUP_Sthv	-1.570192385835778e-09
R_6HMSMVhep	-6.8433396718456385e-09
R_6HSMVACIDhep	-7.835186777160885e-09
R_6MELACAChep	-7.090603770798509e-09
R_6MELVSTthep	4.51346150731613e-09
R_3HLVSTACtbc	-9.514299140200855e-09
R_6OHFVSGLUtev	-8.025130022321081e-09
R_12DHCHOLabc	2.3021391214461673e-06
R_6OHFVShc	-5.797831131229417e-09
R_7AHGLZtev	-2.2255253526413943e-06
R_7BHGLZABCt	2.2190753101274108e-06
R_ATVLAChc	1.5580386690111636e-06
R_ATVLACtdhc	2.150060803854381e-06
R_Am1CSAteb	2.2190775031821763e-06
R_CARBIBUP_SGLUthv	-8.986333351057585e-09
R_CARIBUP_Rthv	-8.497789246580956e-09
R_7BHGLZGLCABCt	2.2190706783810354e-06
R_7BHGLZGLChr	-7.381948965295981e-09
R_7BHGLZGLCtev	-2.2277475592025198e-06
R_7HPVSteb	2.2171414854089966e-06
R_CRGLZABCt	2.2190706783740966e-06
R_CRGLZhr	-7.3819686717546684e-09
R_7HPVStev	-2.2253656928872267e-06
R_ALLOP2tu	1.1397443346893607e-08
R_CRVS1M24hc	-6.137448720251737e-09
R_ACMPtu	1.9355700503842846e-06
R_3DHCAS	2.5478382748570077e-06
R_ACMPGLUChr	-3.650666442756023e-09
R_ACMPGLUTdt	6.793396296889131e-10
R_CRVS23M24hc	-6.137450379514742e-09
R_CRVSATPthc	2.221063808975632e-06
R_CRVSM1hc	-7.1680961548359345e-09
R_CRVSM22hc	-7.574190056397478e-09
R_ACMPGLUTthc	2.222311549518463e-06
R_ACMPGLUthc	2.225725008950241e-06
R_AM19CShr	-5.725811980800133e-09
R_AM19CSteb	2.219069063932877e-06
R_AM1A4NCSteb	-9.384480713359178e-09
R_AM1ACCStev	-7.776938863723881e-09
R_AM1ACShr	-9.439318267995267e-09
R_CRVSM23hc	-7.168087213203778e-09
R_CRVSM23hr	2.960683201755354e-06
R_CRVSM23tev	-2.2259853485542824e-06
R_CRVSM24teb	2.216451764569527e-06
R_CRVSM31hc	-7.574190906411982e-09
R_CSAtd	1.9266341849018265e-06
R_CVM1GLUChc	2.9563807854744717e-06
R_AM1ACSteb	2.2190735712024345e-06
R_AM1ALCShr	-8.282712748303167e-09
R_AM1ALCSteb	2.2190744919763083e-06
R_AM1ALCStep	-2.223490315651777e-06
R_CYSAMPtev	-7.76728139445515e-09
R_AM1C4N9CShc	-8.24319445688615e-09
R_DELACCRVSM23hc	-9.315307466367662e-09
R_AM1C4N9CSteb	-9.274723346969216e-09
R_3DHCDCAS	2.773976077771477e-06
R_AM1C9CShr	-7.215727890197421e-09
R_AM1C9CSteb	2.2190744343973667e-06
R_AM1C9CStev	-2.2235545948899593e-06
R_AM1CCShr	-6.697490347040702e-09
R_AM1CCSteb	2.2190793700638256e-06
R_DEOXFVShc	-5.385675544422597e-09
R_DEOXFVStev	-7.683221982246469e-09
R_AM1CGLChr	-5.9684789714686826e-09
R_3DHCHOLabc	2.3616338825638294e-06
R_AM1CSAtep	-2.220128764406082e-06
R_AM4N9CShc	-5.490264576302195e-09
R_AM4N9CStev	-2.230018626429159e-06
R_AM4NC9CSteb	2.2190686439875484e-06
R_AM4NCShr	-4.2412190877361144e-09
R_AM4NCSteb	2.219074959484285e-06
R_AM4NCStep	-2.2229684203539657e-06
R_ATVACIDOATPtu	-1.431778498082602e-07
R_ATVACIDtdu	1.1111530362359345e-05
R_ATVACIDtu	1.9286955553479094e-06
R_ATVLACGLCURhc	2.959270921684687e-06
R_EX_3hlvstacid_e	-9.740219939630146e-09
R_EX_3hpvs_e	-6.519978779095936e-09
R_DESFVSteb	-8.930065791001862e-09
R_DHGLZABCt	2.219073458292753e-06
R_DHGLZhc	-3.3645122798908744e-09
R_DSPVSteb	2.2171431151365995e-06
R_EPOXTACteb	-5.784143556480936e-09
R_EPOXTACtev	-5.784142702996986e-09
R_EX_13dmt_e	-5.8491712064123735e-09
R_EX_1513tacr_e	-1.025833370332796e-08
R_EX_1hibupglu__S_e	-9.41174218074825e-09
R_EX_2hatvacidgluc_e	-9.704692605083665e-09
R_EX_2hibupglu__S_e	-9.411742177278803e-09
R_EX_31dmt_e	-5.711350042209018e-09
R_EX_35dsmv_e	-9.529258344215252e-09
R_EX_3hibup__R_e	-7.031051164896329e-09
R_EX_3ohacmp_e	-8.46808709611957e-09
R_EX_4hatvacid_e	-9.098937343160474e-09
R_EX_4hmdgluc_e	-9.191674331388011e-09
R_EX_56dhpvs_e	-9.320246945748734e-09
R_3DHCHOLt	-3.091567950046139e-06
R_EX_5ohfvs_e	-8.351385787780385e-09
R_EX_6epvs_e	-7.74346597259834e-09
R_EX_lvst_e	-3.4015062051750977e-09
R_EX_meracmp_e	-9.146723930347767e-09
R_EX_nfdac_e	-7.55762280882366e-09
R_EX_oxyp_e	-5.502128884449231e-09
R_EX_ptvstm3_e	-9.62111011346134e-09
R_EX_6hmsmvacid_e	-9.81374166653115e-09
R_EX_6ohfvs_e	-9.451484882933014e-09
R_EX_7ahglz_e	-8.217308618274632e-09
R_EX_7bhglz_e	-6.74456381369315e-09
R_EX_7hpvs_e	-9.099734903095236e-09
R_EX_acmpglut_e	-5.336133125644071e-09
R_EX_am19cs_e	-1.0226661281698135e-08
R_EX_pvs_e	-1.026213745924931e-09
R_EX_pvsgluc_e	-8.190547080844102e-09
R_EX_smv_e	-5.07787056153175e-09
R_EX_smvacid_e	-5.077870669084605e-09
R_3DHCHOLt2	4.2008760760550105e-06
R_EX_sulpacmp_e	-8.991318991430353e-09
R_EX_tacr_e	-1.3708895615915928e-09
R_EX_thrfvs_e	-8.545664766101968e-09
R_3DHDCAabc	2.369531749035758e-06
R_EX_tmd_e	-4.362907226468371e-09
R_EX_tmdm1_e	-7.2946790448391585e-09
R_EX_tmdm3_e	-8.854552285830763e-09
R_EX_am1alcs_e	-7.202038271314493e-09
R_EX_am1c4n9cs_e	-9.61813519800847e-09
R_EX_am1cglc_e	-9.471176884434662e-09
R_EX_am1csa_e	-5.521282608195177e-09
R_EX_tripvs_e	-6.721299964512761e-09
R_EX_am4ncs_e	-6.940644236425042e-09
R_EX_am9csa_e	-5.986702519139575e-09
R_FVSGLUChc	4.440008856087391e-06
R_EX_atvacid_e	-5.587170472803882e-09
R_FVSTETGLUhc	-6.6512401593332715e-09
R_EX_caribup__R_e	-9.236099659387653e-09
R_FVSTETGLUtev	-8.312845103247701e-09
R_FVSTETtev	-1.668847199320922e-09
R_FVShc	4.421246791532635e-06
R_FVStep	-2.4299275857564417e-06
R_GLZABCteb	2.2190853064991967e-06
R_EX_crvs_e	-3.910925451544589e-09
R_EX_crvsm24_e	-1.054800078531537e-08
R_EX_csa_e	-1.199621652014926e-09
R_EX_dhglz_e	-7.777067864700449e-09
R_EX_dspvs_e	-8.190532040791565e-09
R_EX_epoxtac_e	-1.077087444928404e-08
R_GTACMPhr	-6.199382791838293e-09
R_GTACMPtev	-9.030527582665204e-09
R_IBUPGT_HEP	-5.018664241129844e-09
R_EX_fvs_e	-4.2416226642139065e-09
R_3DHDCAt2	4.1848882091346455e-06
R_EX_fvstetglu_e	-9.143647575204916e-09
R_EX_glc3meacp_e	-9.665915168960426e-09
R_EX_glz_e	-1.1628354529280571e-09
R_EX_gtacmp_e	-9.501761332603165e-09
R_EX_ibup__R_e	-2.9679356264300516e-09
R_IBUP_RCYP2hep	-4.36829675730388e-09
R_IBUP_RCYPCARhep	-7.759478834262149e-09
R_IBUP_Rtdu	1.0227145666813486e-05
R_EX_ibupgluc_e	-8.738891596471454e-09
R_EX_isolvstacid_e	-9.971305094114147e-09
R_EX_lst4exp_e	-6.8674350962860675e-09
R_IBUP_SCONJhep	-6.321638962303311e-09
R_IBUP_SCYP1hep	-6.562558819656831e-09
R_EX_lstn_e	-1.878342387878762e-09
R_EX_lstnm1_e	-8.359513949118824e-09
R_IBUP_SCYP2hep	-6.562558822753584e-09
R_3DHLCAabc	2.3668400199183814e-06
R_IBUP_SCYPCARhep	-8.204767852316118e-09
R_IBUP_Stbc	2.210943623157796e-06
R_ISOLVSTAChep	-1.0045734823854735e-08
R_ISOLVSTtbc	-9.99021731605456e-09
R_LST4EXPTDhc	7.380262582696445e-06
R_LST4EXPthc	-7.3765146336689236e-06
R_LSTN1GLUCtev	-6.738087608704202e-09
R_LSTNtu	1.930362059592678e-06
R_LSTNM1hr	-3.495226918765089e-09
R_LSTNM1tev	-6.738084937230049e-09
R_PVStep	-1.2478680756367738e-05
R_RSVATPtu	2.2162556833522917e-06
R_RSVLAChv	2.046770743585613e-06
R_LSTNM2hr	-3.495226918765089e-09
R_LSTNM2tev	-6.738084937230049e-09
R_RSVSPONhc	2.0472385409350813e-06
R_RSVhc	9.732137968392063e-07
R_LSTNM4hr	-7.479599908183365e-09
R_LSTNM4tev	-8.725230163375564e-09
R_RSVtu	-2.281494596393925e-07
R_S3MEACMPhc	-7.886808338353202e-09
R_LSTNM5hr	-3.4952269187515364e-09
R_S3MEACMPtev	-9.137154047267337e-09
R_LSTNM5tev	-6.738084940699496e-09
R_SMVACIDhep	2.011153116238118e-06
R_LSTNM7thc	-7.375019563896079e-06
R_SMVtu	1.9342243449792652e-06
R_LSTNRATt	-6.416325555560348e-06
R_3DHLCAS	2.7714691830957945e-06
R_LVACLAChep	2.4523153459889147e-06
R_LVSTACIDhep	2.453400977577014e-06
R_SMVLAChep	1.6053327899535896e-06
R_SMVtv	1.9343887554812422e-06
R_SULPACMPtev	-8.002237608661922e-09
R_THRFVStev	-7.109206025951442e-09
R_TLACFVStev	1.50929918910081e-09
R_TMDM1OATt	-4.603576360395767e-09
R_TMDM1hr	-7.041342791835555e-09
R_TMDM3OATt	-7.730204719391676e-09
R_LVSTACOXD6MEhep	-3.2544210538248963e-09
R_LVSTOXD3Hhep	-5.204462117346098e-09
R_LVSTOXD6Hhep	-6.126030570839658e-09
R_MDZtu	1.9342268940641776e-06
R_MERACMPthc	2.2264782771480585e-06
R_MHGLZhr	-4.397861576483936e-09
R_NDERSVhc	-7.378013962053135e-09
R_NFDDMEThr	-9.364900778463525e-09
R_TMDM5OATt	-8.894397267311671e-09
R_TMDOATtev	1.6151151390614293e-07
R_TMDtd	1.4595265750542291e-05
R_TRIPVShc	-4.2856039526737106e-09
R_TRIPVSteb	2.2171457428853125e-06
R_TSACGLUCtev	-9.335670254212447e-09
R_NFDNPYtep	-3.938375920525816e-09
R_NFDOHtep	-6.870159861144254e-09
R_NFDOXDhc	-7.252726572093415e-09
R_NFDtd	-1.5043492285204962e-09
R_13HTACRitr	-1.3584913187425496e-08
R_OXYP1CONJ	-5.911420502408005e-09
R_6AHGLZitr	-4.68805864267674e-09
R_OXYP2CONJ	-5.911420502408005e-09
R_OXYPR1tehv	-7.26539431741835e-09
R_PROFVStev	-9.758438175577755e-09
R_PTVSTATPtu	2.2162560831262557e-06
R_PTVSTM13hr	-6.945843021403941e-09
R_PTVSTtep	-2.4468128460922167e-06
R_PVSGLUCtev	-2.2235416454012558e-06
R_H2O2ter	8.289655197854517e-05
R_1HIBUP_Sitr	-1.613210766360229e-09
R_2HIBUP_Sitr	-1.613210769829676e-09
R_2HIBUPGLUC_Sitr	-8.297391603656612e-09
R_PAPSitr	1.0787249423577228e-08
R_6BHGLZGLCitr	-8.029414893390152e-09
R_SMVitr	-3.5682408737434945e-06
R_6BHGLZitr	-2.5879934306693997e-10
R_3HIBUPGLUC_Sitr	-7.452083235215401e-09
R_3HPVSitr	-7.954415605360143e-09
R_3HPVSTETCOAitm	-5.922748697734237e-09
R_3HPVSTETCOAitx	-5.922748909370501e-09
R_7BHGLZitr	-2.5879934306693997e-10
R_MHGLZitr	-2.5878357443054334e-10
R_3ISPVSitr	8.562429806846517e-09
R_3HIBUP_Sitr	-5.565698808079889e-09
R_6CSMVitr	8.03232253973607e-09
R_FVSitr	3.812833913180436e-09
R_3MEACMPitr	-4.20850859023103e-09
R_3OHACMPitr	1.1157704433994997e-08
R_AM9CSAitr	-3.4717141175755195e-09
R_4HATVACIDitr	-7.340008649492358e-09
R_6HLVSTitr	-8.863070315862087e-09
R_4OHMDZitr	1.7616093167527325e-09
R_2HATVACIDitr	-3.221934385955194e-09
R_EX_caproic_e	6.153148083384158e-06
R_56EPPVSitr	-7.34868006030398e-09
R_6HLVSTACIDitr	-3.106071840702773e-09
R_1A25HVITD2t	3.3272673648047923e-06
R_EX_1a25dhvitd2_e	3.327267364863773e-06
R_6HMSMVitr	8.032328226159624e-09
R_EX_M00234_e	-4.997014461938232e-09
R_EX_M01807_e	-1.0958675369932003e-08
R_6MELVACIDitr	-3.1112939238853166e-09
R_EX_M00503_e	-7.974591337972514e-09
R_EX_M02837_e	-3.3296028364993013e-09
R_EX_M01820_e	-7.981586079564007e-09
R_6MELVSTitr	-8.866402948642937e-09
R_EX_M00510_e	-7.981586083033454e-09
R_EX_M00008_e	1.4584081411347927e-06
R_EX_gpi_sig_e	4.26819501205683e-06
R_EX_kdn_e	4.10260265578874e-06
R_EX_m3gacpail_prot_hs_e	-5.991687940937185e-09
R_EX_dolichol__L_e	2.141423992296776e-08
R_SK_his__L_c	-0.0002597352795068418
R_SK_lys__L_c	-0.0002831020075075054
R_EX_M00019_e	3.1663017068979393e-06
R_EX_M00115_e	2.0876258355721766e-06
R_EX_M00117_e	2.8340367713326764e-06
R_EX_M00315_e	1.4192052662856391e-06
R_EX_M00341_e	4.3779362596148286e-06
R_EX_M01197_e	3.100426772276177e-06
R_EX_M01235_e	2.0049409272457352e-06
R_SK_thr__L_c	-0.00015568770982317057
R_SK_val__L_c	-0.00014612953376375373
R_SK_ala__L_c	7.815217401624039e-05
R_EX_M01238_e	-9.025346775493048e-09
R_SK_arg__L_c	-0.0003435687779386083
R_6OHFVSitr	7.363953280492552e-09
R_SK_asn__L_c	-0.00014768144644532535
R_SK_pro__L_c	-0.00017991202633602446
R_EX_M01582_e	3.841909944131416e-06
R_EX_M02053_e	-7.619879720255351e-09
R_EX_M02457_e	2.7679870467402223e-06
R_EX_M02745_e	3.6253513807198157e-06
R_SK_tyr__L_c	-0.0002624375941224222
R_DM_CE5026_c	1.1601185862311625e-06
R_DM_CE1562_c	1.587924266223395e-06
R_7AHGLZitr	-4.68805864267674e-09
R_DM_ind56qn_c	1.7727715924398257e-06
R_DM_CE5025_c	8.121277110181846e-07
R_DM_CE4888_c	1.2209206175714526e-06
R_7BHGLZGLCitr	-8.029414893390152e-09
R_DM_4abut_c	1.783053778129165e-05
R_DM_srtn_c	2.593348811422841e-06
R_DM_adrnl_c	7.194259620049714e-07
R_EX_M02560_e	-3.321278148338269e-09
R_EX_C01601_e	2.693084502337212e-06
R_EX_M02108_e	-5.1765260446201555e-09
R_DM_nrpphr_c	6.865249385298866e-07
R_EX_M03134_e	-5.176523716621251e-09
R_DM_tym_c	1.181232559432921e-06
R_DM_Lkynr_c	2.3783162370442923e-06
R_PROTEIN_BS	8.505539718445948e-06
R_EX_M01111_e	3.4862303248048288e-06
R_EX_h2co3_e	-3.3296016742345724e-09
R_EX_M01870_e	-9.709422855996852e-09
R_EX_ditp_e	-6.993082456857591e-09
R_EX_M02446_e	-4.75180107761819e-09
R_EX_M02447_e	-4.946041062825479e-09
R_CYOOm2i	0.0001890385287828568
R_EX_itacon_e	-6.989032821230756e-09
R_7HPVSitr	-7.34868006030398e-09
R_ACMPitr	-8.747283373328196e-09
R_AM19CSitr	-1.0734860639294297e-08
R_AM1ACSitr	-1.1708996758286183e-08
R_AM1ALCSitr	-6.653103668680105e-09
R_AM1CGLCitr	7.469888950450976e-09
R_CARIBUPGLU_Sitr	8.49778350464625e-09
R_CRVSM22itr	-8.444743279656386e-09
R_CSAitr	-8.755004211186135e-09
R_DEOXFVSitx	6.534448756395639e-09
R_FVSitx	3.6524618399202957e-10
R_GLC3MEACPitr	8.455205129792587e-09
R_GLZitr	-1.3133480542687481e-08
R_GTACMPitr	7.614955187251748e-09
R_IBUP_Ritr	-3.26106669792936e-09
R_IBUP_Sitr	-1.990445411964581e-08
R_LSTN1GLUCitr	5.116656272285969e-09
R_LSTNM1itr	5.1166559288107205e-09
R_LSTNM2itr	5.1166559288107205e-09
R_LSTNM5itr	5.1166559288107205e-09
R_LSTNM7itr	-5.1166572333227744e-09
R_MDZitr	-1.1084414570233792e-08
R_MDZGLCitr	-5.770127976117978e-09
R_NDERSVitr	8.348981648392817e-09
R_NFDOHitr	-1.0637826012432905e-08
R_PTVSTM13itr	-7.703205885667419e-09
R_PVSGLUCitr	-4.606513462346307e-09
R_TACRitr	-1.587530422397787e-08
R_THSACMPitr	-4.305505459101244e-09
R_TMACMPitr	-1.530932981080868e-09
R_TMDitr	-6.894265842244396e-09
R_TMDM3itr	6.605857152952588e-09
R_TSACMGLUCitr	8.386555932354822e-09
R_3HPVSCOAhc	-8.374981267517123e-09
R_3HPVSTEThc	-1.0760523059399896e-08
R_1OHMDZitr	1.7616093202221794e-09
R_25HVITD3tin_m	3.4663654771213692e-06
R_4NPHSFte	6.908325831528339e-09
R_CO2tp	-4.055654582918802e-05
R_COAtg	4.054801956004939e-09
R_EX_4pyrdx_e	4.787256118757299e-06
R_EX_5adtststeroneglc_e	3.7961274110265286e-08
R_EX_5dhf_e	-5.706475826594559e-09
R_EX_5homeprazole_e	-8.647434355385508e-09
R_24_25VITD2Hm	8.042657168935686e-06
R_10FTHF5GLUtl	3.082060548394161e-06
R_10FTHF5GLUtm	2.172771418937347e-06
R_10FTHF6GLUtl	2.7563157206783595e-06
R_10FTHF6GLUtm	2.0339755043563557e-06
R_10FTHF7GLUtm	2.336425459045083e-06
R_10FTHFtl	-1.0466720399209678e-05
R_11DOCRTSLtm	5.512729405604544e-08
R_11DOCRTSTRNtm	4.44851421567416e-08
R_11DOCRTSTRNtr	-1.0901712723526691e-08
R_1a_24_25VITD2Hm	1.4411822869472846e-06
R_1a_25VITD2Hm	1.8527876517564212e-06
R_1MNCAMti	2.286036596643032e-06
R_1PPDCRp	1.4269086173215179e-05
R_25VITD3Hm	3.4375346272298712e-06
R_2DR1PP	1.467213415936447e-05
R_2HBO	-6.847524656183879e-06
R_2HBt2	-0.00010520430687574467
R_2HCO3_NAt	-4.347303747727696e-05
R_34DHOXPEGOX	2.6028005957606792e-06
R_34DHOXPEGt	2.6028005957225153e-06
R_34DHPHAMT	1.478023521032934e-05
R_34DHALDD	3.998097458648986e-05
R_34DHPLACOX_NADP	-2.5183586814199466e-05
R_34DHXMANDACOX_NADP	-3.7680200915997386e-05
R_34HPPOR	8.506071913563025e-06
R_35CGMPtn	1.493831219702424e-06
R_3AIBTm	1.044106101860654e-05
R_3DPHBH1	4.987818559426538e-07
R_3DPHBH2	4.988148774240364e-07
R_3DSPHR	8.769986744323541e-05
R_3HBCDm	-6.831923079347879e-09
R_3HBCOAHLm	1.0459540445758447e-05
R_3HKYNAKGAT	4.3171652027312185e-05
R_3HLYTCL	9.499005826092943e-06
R_3M4HDXPAC	9.106528519320367e-07
R_3MLDAt	3.5980814336138145e-06
R_3MOX4HOXPGALDOX	4.147530730186366e-05
R_3MOX4HOXPGALDOX_NADP	-3.767898336282105e-05
R_3SALAASPm	-1.6099479423895002e-05
R_3SALACBOXL_cho	7.712871604899363e-07
R_3SALATAi	3.4572561760926046e-06
R_3SALATAim	3.4751011992739667e-06
R_3SPYRSP	3.457256176165463e-06
R_3SPYRSPm	3.4751011999227532e-06
R_41R1H2MAE12BOOX	1.539049209943466e-06
R_41R2A1H12BOOX	7.187259006731506e-07
R_4ABUTtm	-1.8548898307262085e-05
R_4HGLSDm	2.867226013611099e-05
R_4MPTNLtm	-2.0239734456254516e-05
R_4MTOLBUTAMIDEte	7.317159208403146e-09
R_4NPHte	-4.6007193887920295e-09
R_5ADTSTSTERONEGLCte	3.796127422128759e-08
R_5ADTSTSTERONESte	2.5236935300917973e-07
R_5ADTSTSTERONEtr	4.611634139492504e-07
R_5AOPtm	-4.9038319622180665e-05
R_5DHFtl	2.60618370197252e-06
R_5HLTDL	7.04936785473164e-06
R_5HOMEPRAZOLEte	7.317157782460448e-09
R_5HOXINDACTO2OX	6.291673864219048e-06
R_5HTRPVESSEC_1	3.3286691213333525e-06
R_5MTHFt	-7.868483352960545e-05
R_5MTHFt2_1	-3.7299653950793876e-05
R_6DHFtl	2.671370409830509e-06
R_6DHFtm	2.249977941414655e-06
R_6HTSTSTERONEte	3.1320951062938085e-07
R_6HTSTSTERONEtr	-3.132095107126476e-07
R_6THFtl	2.631839616726306e-06
R_6THFtm	2.1176818863939684e-06
R_7DHFtl	4.652596028220657e-06
R_7THFtl	3.755137134926062e-06
R_7THFtm	2.6565874152728597e-06
R_A_MANASEly	-7.482492528354534e-09
R_A4GNT1g	-7.985759243806022e-09
R_AACTOOR	7.0033121708414775e-06
R_AASAD3m	2.0181276314878288e-05
R_AATA	1.0686222883261529e-05
R_ABO2g	5.473215162149443e-07
R_ABO3g	4.270714639381212e-07
R_ABO8g	3.201565836996438e-07
R_ABTD	-1.3115604722339219e-05
R_ABUTt4_2_r	-2.159598402508159e-05
R_ACACT1m	4.228215790116896e-06
R_ACACT1x	0.00013544581217098117
R_ACACt2m	1.795183078990084e-05
R_ACACT4p	2.211014458525229e-05
R_ACACT6p	1.0760708571880273e-05
R_ACACT7p	1.142220157238083e-05
R_ACACtx	-2.641167561332619e-05
R_ACALDtm	-2.5877856283072764e-05
R_ACCOACrm	0.00010366456966284191
R_ACCOAgt	-4.054801928249363e-09
R_ACCOAtn	2.3898839913993886e-08
R_ACETONEt2m	-4.3773797562193795e-06
R_ACGAGBSIDEtg	-1.0037600393156265e-06
R_ACGALFUCGALACGALFUC12GAL14ACGLCGALGLUSIDEte	-6.853665482364768e-07
R_ACGALFUCGALACGALFUC12GAL14ACGLCGALGLUSIDEtg	6.853665478791238e-07
R_ACGALFUCGALACGALFUCGALACGLCGAL14ACGLCGALGLUSIDEtg	5.671176995236671e-07
R_ACGALK	5.681910535210166e-06
R_ACGALK2	5.395728290009949e-06
R_ACGALtly	2.4358036910063913e-05
R_ACGAM6PS	9.834807909501336e-05
R_ACGBGBSIDEtg	-2.566564257216325e-06
R_ACGPID	8.564675442555153e-06
R_ACGSm	9.728594220045211e-06
R_ACHEe	1.195309444479431e-08
R_ACITL	3.6506030925975708e-06
R_ACN13ACNGALGBSIDEte	2.684460539276179e-09
R_ACN23ACNGALGBSIDEte	2.684460539276179e-09
R_ACN23ACNGALGBSIDEtg	-2.6855751338039635e-09
R_ACNACNGAL14ACGLCGALGLUSIDEte	-5.335695778853344e-07
R_ACNACNGALGBSIDEte	2.684458714347082e-09
R_ACNAM9PL	3.4195845062881536e-06
R_ACNAM9PL2	8.21772612499827e-06
R_ACNAMPH	3.4195845063714203e-06
R_ACNGALACGLCGAL14ACGLCGALGLUSIDEtg	-7.676752809826493e-10
R_ACOAD1fm	1.3991498836185556e-06
R_ACOAH	-3.0114456705633086e-06
R_ACOX22x	2.048292281581904e-06
R_ACOX2x	4.308382695611054e-06
R_ACRNtm	-0.00016047609901604157
R_ACSm	1.9833338296224717e-06
R_ACt2m	-0.0001732534801891679
R_ACtg	-5.547854683794068e-06
R_ACTLMO	2.6392038264674497e-06
R_ACTNMO	3.7050745159174225e-06
R_ADA	2.9090874297199587e-05
R_ADAe	3.6824963801956184e-05
R_ADCim	1.61133161350642e-05
R_ADK1m	-3.0828781816816253e-06
R_ADNCYC	5.182643765949679e-06
R_ADNK1m	1.109331495208199e-05
R_ADNt	-3.643380996840029e-05
R_ADPtx	-2.4943130904835076e-05
R_ADRNCPT1	1.7681618976750357e-06
R_ADRNCPT2	1.7643928801359954e-06
R_ADRNLPVESSEC_1	2.2118311420260897e-06
R_ADRNt	8.08645101807344e-05
R_ADSK	7.269709494998888e-05
R_ADSL1r	3.363885197865679e-06
R_AFLATOXINte	-6.6121267489061e-10
R_AG13T17g	1.8316485781919023e-07
R_AG13T1g	1.91314077611221e-07
R_AG13T3g	1.788574233614615e-07
R_AGPAT1_1	5.290614564969903e-06
R_AGTix	1.7076676634355627e-08
R_AHANDROSTANGLCtr	8.052465940572295e-09
R_AHCYStr	-1.8337877220192533e-05
R_AHEXASEly	-5.285136939203738e-09
R_AKGDm	5.313492360183025e-05
R_AKGtp	-6.559204218416215e-06
R_AKR1C1	6.73296720207512e-07
R_AKR1C42	3.8515151349950567e-08
R_AKR1D2	5.901815356685973e-08
R_ALAASNNaEx	2.353621803558026e-05
R_ALACYSNaEx	2.42853825833389e-05
R_ALADGLNexR	-1.4491190914666204e-07
R_ALADGLYexR	-1.5459796469749097e-07
R_ALAGLNexR	-8.940451432343742e-09
R_ALAGLNNaEx	2.34071448051848e-05
R_ALAt4	3.9240642446009e-05
R_ALATA_L	-0.00032036906599837434
R_ALAtN1	-6.296190562124233e-05
R_LCARS	-8.648671692070009e-05
R_ALCD22_L	5.146953283499678e-05
R_ALCD2x	-3.745688051393081e-09
R_ALDD20x	2.4072284238174646e-06
R_ALDD21	7.425413689814142e-05
R_ALOX12	1.353145814272927e-06
R_ALOX5	6.791364230685458e-07
R_ALOX52	5.209792626078343e-05
R_AMCOXO	1.0951437349540627e-06
R_AMPTASECGe	1.4668133408382664e-05
R_AMPtp	-9.980388838010112e-07
R_AMY1e	-6.547352382479943e-09
R_ANDRSTRNte	-3.9352192769681604e-07
R_AOBUTDsm	0.00012014401004788872
R_APAT2rm	-1.8130115416582857e-06
R_APNNOXte	7.3171592118725926e-09
R_APOCF	7.342874139632666e-06
R_APOC_LYS_BTNPm	1.0010375353551593e-05
R_APPNNte	-6.61212671421163e-10
R_AQCOBALt	-5.570633000023806e-09
R_ARACHCOAtx	-1.950852979940715e-06
R_ARACHCPT1	9.277796607781719e-07
R_ARACHCPT2	9.240106425313643e-07
R_ARACHCRNt	1.3218269464890242e-06
R_ARACHDtr	-9.469699645463237e-05
R_ARGNm	1.1871358376359942e-08
R_ARGtm	3.41831026086023e-06
R_ARSA	1.3737386844701882e-06
R_ARTCOAL1_cho	1.2426478234114913e-06
R_ARTCOAL2_cho	1.6537887818288133e-06
R_R_group_phosphotase_1	4.6187696189775584e-05
R_ARTFR208	0.0001106223587864115
R_ARTPLM3	8.708293405795473e-05
R_ARTPLM3m	3.400017420662413e-05
R_ASAH1	6.546142244434616e-06
R_ASCBt4	-0.00015830432640202147
R_ASNALANaEx	2.4384744978594997e-05
R_ASNSERNaEx	2.3925565863475162e-05
R_ASNTHRNaEx	2.4146016999904152e-05
R_ASNtm	4.7685784584115126e-05
R_ASNtN1	-6.216312441693038e-05
R_ASPCT	2.2424160234055246e-05
R_ASPDt6	7.823025308287268e-06
R_ATP2ter	0.00021525883595349682
R_BILGLCURt	2.1839560320952077e-06
R_BILGLCURtr	0.0001245195129598274
R_ATPH1e	1.15056129422475e-06
R_ATPH2e	1.4895733331660166e-06
R_ATPtm	0.0016688163732864747
R_B_MANNASEly	-6.300171807860355e-09
R_B3GALT41g	1.3713419725301657e-08
R_B3GALT43g	3.903920153293383e-09
R_B3GALT44g	5.158665310027455e-09
R_B3GALT5g	9.871455785778749e-07
R_B3GNT12g	6.669412148455067e-07
R_B3GNT311g	6.853665465711423e-07
R_B3GNT312g	3.2612081487110034e-06
R_B3GNT313g	5.67117697504449e-07
R_B3GNT314g	4.804411810541143e-07
R_B3GNT32g	6.627494745989337e-07
R_B3GNT33g	6.627494748626117e-07
R_B3GNT35g	4.770884141011567e-07
R_B3GNT36g	2.5665642574002057e-06
R_BAAT2x	3.6343457705080096e-06
R_BAAT4x_cho	4.7004978028352e-06
R_BACCLm	1.0010375352920153e-05
R_BALAtmr	-1.8130115416736814e-06
R_BAMPPALDOX	1.917150922930988e-06
R_BBHOX	-9.154985707708935e-09
R_BCDO	-4.993692397092797e-09
R_BHBt	-3.7270200543549487e-05
R_BILDGLCURte	7.25125887696132e-07
R_BILDGLCURtr	-6.722749109726311e-07
R_BILIRUBt2	-4.1912130184941713e-10
R_BILIRUBtr	-0.00012058610116320173
R_BIOCYTtn	3.7757048221252754e-06
R_BMTer_U	3.2591640395408794e-06
R_BPNT2	2.2634130018225895e-06
R_BTND1	3.5671693176340252e-06
R_BTND1n	3.7757048222293588e-06
R_BTNDe	-3.32960188760556e-09
R_BTNPLm	1.001037535347353e-05
R_BTNt2i	6.022644827282861e-05
R_BTNt4i	3.6749758596262396e-06
R_BTNtn	4.566624201896366e-05
R_BUP2	1.7005127301057105e-08
R_BUTt2m	-2.440198147712902e-10
R_BZt	6.803731491394904e-09
R_C14STRr	1.7786947790754404e-06
R_C161CPT22	-1.4006284959493936e-05
R_C180CPT2	6.794563034078632e-06
R_C180CRNt	3.605155312315367e-06
R_C181CPT2	2.51129644196664e-06
R_C204CRNt	1.9283757900744047e-06
R_C3STDH1Pr	9.001453066537213e-07
R_C3STKR2r	1.3228769951967312e-06
R_C4STMO2r	6.554238961287151e-07
R_CARVEOLte	6.653831464975557e-09
R_CAT2p	-3.745688079148657e-09
R_CBL2OR	-4.4715743295620225e-09
R_CBPSam	1.79793155138247e-08
R_CBPter	9.72815950305711e-07
R_CDSm	7.986916720995746e-06
R_CEPTC	4.615909419381642e-05
R_CEPTE	0.00010705142046707125
R_CERK	4.885213866948068e-06
R_CERT2gt	4.750264854926772e-05
R_CGLYt3_2	1.3592499283171869e-05
R_CHAT	2.3233640051992096e-08
R_CHLPCTD	5.0504349139765536e-05
R_CHLtm	4.788531213415631e-06
R_CHOLATEt	-8.801750149977555e-07
R_CHOLATEt2	2.384846065520916e-06
R_CHOLATEt3	5.3959181772200715e-06
R_CHOLPtg	-2.5180085341872105e-06
R_CHOLt4	-1.2155732628781102e-07
R_CHOLtg	1.1070890872169614e-06
R_CHOLtu	-2.1552417622854037e-05
R_CHSTEROLSULT	7.978314903074601e-07
R_CHSTEROLt1	-2.418763275528063e-05
R_CHSTEROLt2	1.4644015139616412e-05
R_CHSTEROLtg	2.212114083077754e-06
R_CHTNASE	-2.2718631836893266e-09
R_CHTNASEe	-3.1286393699123262e-09
R_CITMCOAHm	-4.9921664892205175e-09
R_CITMCOALm	-6.98903295306974e-09
R_CITt4_2	-1.540628809882892e-07
R_CITtbm	0.0001277175919202067
R_CKc_cho	3.52452969358541e-06
R_CLFORtex	7.820519093906819e-06
R_CLI2tex	1.544872685988114e-06
R_CLOHtex2_1	0.00030064035301655134
R_CLPNDCPT2	4.574830691720516e-07
R_CLPNDCRNt	1.1403728737841012e-06
R_CLS_hs	2.2649681158393165e-09
R_CMPACNAtg	4.965539673935738e-07
R_CMPSASn	1.7077692044925596e-05
R_CO2ter	-1.4793455863120614e-05
R_COAtn	-2.3898839889707757e-08
R_COAtp	-5.7602946653856346e-05
R_COAtr	2.01732333481551e-05
R_COQ5m	5.032333426531477e-07
R_CORE2GTg	1.8922547709819548e-07
R_CORE4GTg	1.8730465543956472e-07
R_CORE5GTg	-9.562647115129996e-09
R_CORE8GTg	-9.562659025741382e-09
R_COt	2.4795372024349893e-06
R_COUCOAFm	6.558928225194882e-06
R_COUMARINte	-6.61212671421163e-10
R_CRNtim	-1.573844186156248e-06
R_CRNtx	-5.600542637637651e-07
R_CRTSTRNt	-9.430149403022448e-08
R_CRTSTRNtm	-1.5408493023172376e-09
R_CSBPASEly	1.0545668569575395e-06
R_CSDPASEly	1.1956447726092778e-06
R_CSm	0.0001959571813512362
R_CSNATer	-5.939138332638691e-05
R_CSNt	7.216449660063518e-16
R_CSPG_At	9.786336790384986e-07
R_CSPG_Bt	1.1830935089177097e-06
R_CSPG_Btly	1.0545668539217734e-06
R_CSPG_Et	1.288640874324426e-06
R_CSPG_Etly	1.1590847241865765e-06
R_CYSGLNNaEx	2.3346802495938235e-05
R_CYSGLTH	8.000878374431197e-05
R_CYSGLUexR	-1.6538719075490094e-05
R_CYSt4	3.689039223990498e-05
R_CYSTA	3.0368448228373923e-05
R_CYSTHRNaEx	2.3917716631349784e-05
R_CYSTSERex	3.7307425600278097e-06
R_CYTDK1	5.333074799476756e-05
R_CYTDK2m	3.826010216007036e-06
R_CYTDt4	2.9902786064955842e-06
R_CYTDtm	3.826010214452724e-06
R_CYTDtn	1.7190301546815556e-08
R_CYTK10	4.1463730885371586e-05
R_CYTK10n	-1.1694354651314853e-07
R_CYTK11	2.424221776056723e-05
R_CYTK11n	-3.6977594695952742e-06
R_CYTK13	2.951497757959498e-05
R_CYTK14n	-1.564780662210996e-06
R_CYTK1n	-1.026356949190843e-05
R_CYTK3n	-3.697759470774886e-06
R_CYTK4n	-3.6977594693315963e-06
R_CYTK2_1	-2.4463004734270877e-05
R_CYTK9	-1.5090928932787184e-05
R_CYTK9n	7.282565282137887e-06
R_D_3AIBt	8.879049746651074e-06
R_D3AIBTm	-3.3741330880189365e-07
R_DADA	3.0385312384180116e-05
R_DADAe	3.3225785095694627e-05
R_DADNt4	-4.674335586655337e-05
R_DAGKn_hs	7.267777110991913e-06
R_DAGt	-1.2101928487596308e-05
R_DALAOXx	2.8003615249249996e-08
R_DALAt2r	-3.940426851971324e-06
R_DALAxt	2.9066965192420247e-08
R_DASCBR_1	2.0334360359419712e-05
R_DCIm	-1.1929610393923706e-05
R_DCK2n	-1.0103497785265286e-05
R_DCSPTN1COAtx	-1.1903215808850565e-06
R_DCSPTN1CPT2	4.757523905442665e-06
R_DCT	3.409598526905752e-06
R_DDPGAm	5.2447930104886076e-06
R_DEBRISOQUINEt	-6.612126708434866e-10
R_DEDOLP1_L	1.464736500284003e-07
R_DEDOLR_L	1.464317969691875e-07
R_DESAT16_2	2.2076719132374523e-06
R_DESAT18_3	2.8416250391904985e-06
R_DESAT18_11	4.299658691767072e-06
R_DESAT18_5	2.783797837205282e-06
R_DESAT18_8	6.060019324960475e-06
R_DESAT18_9	2.7962172246265293e-06
R_DESAT20_1	3.721964181556403e-05
R_DESAT20_2	9.676034643385512e-07
R_DESAT22_1p	6.9216227990311074e-06
R_DGAT	1.1527372446168416e-06
R_DGCHOLtx	2.439417869167307e-05
R_DGK2m	3.563035649593177e-05
R_DGNSKm	3.8029788479498894e-05
R_DGTPtn	2.0341959456951497e-06
R_DGULND	4.284649572684762e-05
R_DHAAt1r	3.297763323942271e-05
R_DHCHOLESTANATEtm	-1.103899119302143e-06
R_DHCR241r	6.700052555680402e-07
R_DHCR242r	0.00011589905949534185
R_DHCR243r	5.095628226453597e-07
R_DHCR71r	1.997916370177766e-06
R_DHCR72r	7.146476173125471e-05
R_DHCRD1	5.8854971689531466e-05
R_DHEAStr	-1.1558376408031534e-06
R_DHPM2	1.4777372014344593e-06
R_DHPR2	7.38495390567237e-06
R_DIDPtn	1.4292282190138395e-06
R_DIGALSIDEtg	3.4176855847126153e-07
R_DINt	1.7347105193694923e-05
R_DKMPPD	1.4725265371565155e-06
R_D_LACtm	-1.0919002637933134e-05
R_DLNLCGCRNt	2.592856855894443e-06
R_DLNLCGt	4.995491435493687e-07
R_DM_13_cis_oretn_n	6.866731633432127e-06
R_DM_13_cis_retn_n	9.332162381830988e-06
R_DM_avite2_c	-7.4856401771628e-09
R_DM_bvite_c	-7.4856401771628e-09
R_DM_core7_g	-7.900307876645973e-09
R_DM_core8_g	-7.900302707170015e-09
R_DM_datp_m	1.2788995839552869e-05
R_DM_datp_n	2.1015467968447943e-06
R_DM_dctp_m	4.286478973658525e-06
R_DM_dctp_n	4.813968589312267e-07
R_DM_dgtp_m	6.96171281093505e-06
R_DM_dgtp_n	2.0332206332428215e-06
R_DM_dttp_m	8.943818746477705e-07
R_DM_dttp_n	6.365675616175348e-07
R_DM_ethamp_r	3.216101166832186e-06
R_DM_gncore2_g	-7.90033037254001e-09
R_DM_gpi_sig_r	4.296480440483391e-06
R_DM_hretn_n	3.094609031487061e-06
R_DM_m3gacpail_prot_hs_r	-5.991687944406632e-09
R_DM_mem2emgacpail_prot_hs_r	1.9014845187917406e-06
R_DM_sTn_antigen_g	-5.5864247013037716e-09
R_SK_T_antigen_g	-7.497381979137963e-09
R_DM_yvite_c	-8.995805728800876e-09
R_DMHPTCRNt	1.194935000874836e-06
R_DMNONCOACRNCPT1	1.8779247259216592e-06
R_DNDPt12m	3.837930090528491e-06
R_DNDPt19m	4.108730717863884e-06
R_DNDPt23m	7.166564445704876e-06
R_DNDPt24m	1.6082517174078464e-05
R_DNDPt2m	1.818498519472883e-06
R_DNDPt30m	4.936213077337548e-06
R_DNDPt31m	8.83150480709971e-06
R_DNDPt3m	2.2783740385862172e-06
R_DNDPt41m	4.606022502875312e-06
R_DNDPt44m	1.6903340684347457e-06
R_DNDPt46m	2.870626681462235e-06
R_DNDPt47m	2.7393060005737047e-06
R_DNDPt48m	1.988617406818022e-06
R_DNDPt4m	3.257835909379475e-06
R_DNDPt51m	5.341496601453388e-07
R_DNDPt53m	5.276591044899026e-07
R_DNDPt54m	5.519073735631153e-07
R_DNDPt58m	1.6942422101928756e-06
R_DNDPt7m	2.6283215827510586e-06
R_DOGULNO1	-8.86642985420405e-09
R_DOLGLCP_Lter	1.0795941664663855e-05
R_DOLK_L	2.6822351780683706e-06
R_DOLMANP_Uter	2.949449625308867e-05
R_DOLPH_Ler	2.7499889806020805e-06
R_DOPABMO_1	1.184543469119224e-05
R_DOPACHRMISO	1.4231182369141422e-06
R_DOPAMT	1.9539596641943158e-06
R_DOPAQNISO1	7.218820548882121e-06
R_DOPASFt	1.23735551260315e-06
R_DOPASULT	1.2373555119335466e-06
R_DORNOp	-6.651262435377395e-09
R_DPGM	2.538295230187365e-06
R_DPHMBDCm	9.975967404617092e-07
R_DPMVDx	2.3742290237271924e-05
R_DPPS	9.97596718763788e-07
R_DRIBt	-1.1918791268550333e-05
R_DRPA	0.0003299791660280049
R_DTTPtn	1.4831454389355875e-05
R_DUMPtn	-1.2432209675235228e-06
R_DURIK1m	3.2869239280815254e-06
R_DURItn	-1.7201683494283415e-08
R_DUTPDPn	1.243220965452263e-06
R_EAFLATOXINte	7.3171592118725926e-09
R_EBASTINEOHte	8.312858870013207e-09
R_EBASTINEtr	2.4912102727925323e-09
R_EBP1r	4.4201928911524746e-07
R_EBP2r	1.3366755009236453e-06
R_ECOAH1m	-4.9913938032219995e-06
R_ECOAH1x	-2.6383329851109583e-06
R_EHGLAT2m	2.6253128573017204e-06
R_EHGLATm	2.61948015310709e-06
R_EICOSTETCPT2	1.792100924914719e-06
R_EICOSTETCRNt	1.659467262497133e-06
R_EICOSTETt	6.253584820571645e-07
R_ELAIDCPT1	3.1434826078188816e-05
R_ELAIDCPT2	2.4269358715550693e-05
R_ELAIDCRNt	1.0607002087076323e-05
R_ELAIDt	-5.690205391026271e-06
R_ENGASE3ly	-8.721125016597497e-09
R_ENGASEly	-8.090499568902398e-09
R_ESTRADIOLGLCt	8.976760308872234e-07
R_ESTRADIOLGLCt2	2.1935664629990637e-06
R_ESTRADIOLtr	5.928834287433071e-05
R_ESTRIOLGLCtr	-6.535073357877286e-07
R_ESTRONEGLCtr	-3.9900660570718616e-07
R_ESTSULT	2.4913728996281415e-06
R_ETHP	2.6648129000169263e-06
R_ETOHMO	-3.745688014963888e-09
R_ETOHtx	2.49712527392032e-09
R_EX_10fthf_e	-8.545892882239059e-09
R_EX_1glyc_hs_e	2.906188337897797e-08
R_EX_2425dhvitd2_e	6.601474882125119e-06
R_EX_2425dhvitd3_e	4.0308571231210955e-06
R_EX_25hvitd2_e	5.861380677836536e-05
R_EX_34dhoxpeg_e	2.602800595673943e-06
R_EX_3aib_e	1.0441061018721248e-05
R_EX_3aib__D_e	8.87904974667883e-06
R_EX_3mlda_e	3.598081433679734e-06
R_EX_4hdebrisoquine_e	-8.647435840308804e-09
R_EX_4mtolbutamide_e	-8.647435840308804e-09
R_EX_4nph_e	-3.8451650301307705e-09
R_EX_4nphsf_e	-8.443532002050391e-09
R_EX_6thf_e	-4.38766067228924e-09
R_EX_abt_e	1.3110611027059016e-05
R_EX_acgalfucgalacgalfucgalacglcgal14acglcgalgluside_hs_e	5.671177004812344e-07
R_EX_ach_e	1.2012391407967282e-08
R_EX_acn13acngalgbside_hs_e	2.6833459482178412e-09
R_EX_acn23acngalgbside_hs_e	2.6833459482178412e-09
R_EX_acnacngalgbside_hs_e	2.6833441232887445e-09
R_EX_acngalacglcgal14acglcgalgluside_hs_e	5.181179095863075e-07
R_EX_adprbp_e	6.641426187486282e-06
R_EX_adrn_e	7.919935036404535e-07
R_EX_adrnl_e	7.195692460944259e-07
R_EX_aflatoxin_e	-4.6644572405940554e-09
R_EX_ak2lgchol_hs_e	-6.656683607109137e-09
R_EX_amp_e	1.0128159006889126e-05
R_EX_apnnox_e	-8.647435840308804e-09
R_EX_aprgstrn_e	6.732967201723838e-07
R_EX_aqcobal_e	-2.2113086778352553e-09
R_EX_arachd_e	8.983295198619623e-07
R_EX_ascb__L_e	-5.393632013239724e-09
R_EX_asp__D_e	-5.991684752515436e-09
R_EX_atp_e	2.2271676999828516e-06
R_EX_bilglcur_e	4.4440908936529966e-07
R_EX_bilirub_e	3.1733360652749787e-07
R_EX_camp_e	2.1712971174543683e-06
R_EX_chsterol_e	6.261379145250379e-06
R_EX_cmp_e	-5.7280726238617685e-09
R_EX_co_e	2.479537202500909e-06
R_EX_crtsl_e	8.75157029137097e-09
R_EX_cspg_a_e	1.2749028357322834e-07
R_EX_cspg_b_e	1.2852665855211942e-07
R_EX_cspg_d_e	1.1117594049536716e-07
R_EX_debrisoquine_e	-4.6644572371246085e-09
R_EX_dgchol_e	4.5815742161697814e-05
R_EX_dopasf_e	1.2373555129396863e-06
R_EX_ebastineoh_e	-9.143656616583673e-09
R_EX_elaid_e	7.91251075426061e-06
R_EX_estradiol_e	1.485652597159326e-07
R_EX_estriolglc_e	6.535073354060894e-07
R_EX_estroneglc_e	3.990066054296304e-07
R_EX_estrones_e	1.3004847410069686e-07
R_EX_fuc13galacglcgal14acglcgalgluside_hs_e	8.197496291321993e-07
R_EX_fuc14galacglcgalgluside_hs_e	8.999171716844723e-07
R_EX_fucacgalfucgalacglcgalgluside_hs_e	1.6252110628597882e-06
R_EX_fucacngal14acglcgalgluside_hs_e	7.362650368478163e-07
R_EX_fucfuc132galacglcgal14acglcgalgluside_hs_e	4.819605996832232e-07
R_EX_fucfucfucgalacglcgal14acglcgalgluside_hs_e	5.35426213109369e-07
R_EX_fucgalfucgalacglcgalgluside_hs_e	1.2625161669929663e-06
R_EX_galfuc12gal14acglcgalgluside_hs_e	4.270714653413499e-07
R_EX_galgalfucfucgalacglcgalacglcgal14acglcgalgluside_hs_e	4.804411841557998e-07
R_EX_galgalgalthcrm_hs_e	6.627494758479346e-07
R_EX_gbside_hs_e	3.970145116341528e-07
R_EX_gchola_e	4.063597923133905e-05
R_EX_gd1b2_hs_e	1.1612417975120914e-08
R_EX_glygn2_e	-1.4156128422260217e-09
R_EX_glygn4_e	-4.22812160630337e-09
R_EX_glygn5_e	-5.495986377807016e-09
R_EX_gmp_e	-6.084622028446063e-09
R_EX_gp1c_hs_e	2.767299958628122e-09
R_EX_gq1b_hs_e	8.69229886679701e-09
R_EX_gthrd_e	-0.00015301653551752156
R_EX_gtp_e	-1.4681495255630672e-09
R_EX_h2o2_e	5.208392272255946e-06
R_EX_hco3_e	8.451573376802232e-05
R_EX_hdca_e	0.00010101084953345954
R_EX_hestratriol_e	4.3272754666340285e-07
R_EX_hista_e	1.7041787895855087e-06
R_EX_hpdca_e	-7.619878849424166e-09
R_EX_idp_e	-5.447381729722922e-09
R_EX_inost_e	-2.018385661169131e-05
R_EX_ksi_deg1_e	-7.0807188029542445e-09
R_EX_ksii_core2_e	-7.49738546593215e-09
R_EX_leuktrA4_e	7.762497820310715e-06
R_EX_leuktrF4_e	1.2111760420454448e-05
R_EX_lgnc_e	5.994473560380631e-07
R_EX_lneldc_e	4.149238887602574e-06
R_EX_lnlncg_e	1.1832940678462023e-05
R_EX_mag_hs_e	1.746835616017739e-06
R_EX_n2m2nmasn_e	-2.97090359951957e-09
R_EX_ncam_e	-2.4845086119613946e-05
R_EX_no_e	4.379418098485188e-06
R_EX_nrpphrsf_e	1.115613410467703e-06
R_EX_nrvnc_e	5.844184710925016e-07
R_EX_o2s_e	6.114788615937949e-07
R_EX_omeprazole_e	-4.664457872033401e-09
R_EX_pe_hs_e	5.273008977652038e-07
R_EX_peplys_e	-4.449152418012359e-09
R_EX_pglyc_hs_e	3.480707661391441e-06
R_EX_prgstrn_e	3.3218536189816295e-07
R_EX_prostge1_e	1.2165419332015037e-06
R_EX_ptdca_e	-8.268608880923622e-09
R_EX_rbt_e	-8.216356556928206e-09
R_EX_retinol_9_cis_e	1.1193008981020408e-05
R_EX_retinol_cis_11_e	1.1193008981020408e-05
R_EX_retn_e	9.002891011165165e-06
R_EX_retnglc_e	8.561927123833246e-06
R_EX_Rtotal_e	8.438836919841958e-05
R_EX_s2l2fn2m2masn_e	-7.691840740731148e-10
R_EX_sl__L_e	2.211983099253273e-06
R_EX_sphs1p_e	2.0663846748182613e-06
R_EX_srtn_e	2.5563561521502187e-06
R_EX_strch1_e	-1.7226620616095367e-09
R_EX_strch2_e	-5.152018627690991e-09
R_EX_tag__D_e	-1.8204907893670796e-09
R_EX_tethex3_e	-8.056273870238329e-09
R_EX_tettet6_e	-6.53731399916091e-09
R_EX_thf_e	1.2463657754684804e-05
R_EX_thmtp_e	3.724669177454856e-05
R_EX_thyox__L_e	-5.358171333708084e-09
R_EX_tmndnc_e	3.785148644259648e-05
R_EX_tolbutamide_e	-4.6644572371246085e-09
R_EX_tststerone_e	1.630574873075219e-07
R_EX_tsul_e	1.8833961589539983e-06
R_EX_txa2_e	9.031491024387439e-07
R_EX_ump_e	6.915435940384185e-07
R_EX_urate_e	4.773679211727416e-05
R_EX_utp_e	4.863959573234156e-07
R_EX_vacc_e	2.7196328925178925e-06
R_EX_whtststerone_e	3.3863770027009465e-07
R_EX_xolest_hs_e	0.00013827794848293717
R_EX_xolest2_hs_e	2.297972758816616e-05
R_EX_xoltri24_e	3.9880279446430356e-06
R_EX_xylt_e	6.103531613031732e-06
R_EX_yvite_e	-3.0052765657984093e-09
R_F1PGT	-1.0290591922861025e-08
R_FACOAL150	2.455799612222087e-06
R_FACOAL180	1.2196517067408763e-06
R_FACOAL1812_1	1.1819241935474845e-06
R_FACOAL1813	1.3745082827580635e-06
R_FACOAL1832	1.534563057348226e-06
R_FACOAL191	1.596274793642244e-06
R_FACOAL200	1.2202374560406348e-06
R_FACOAL206	-4.667206322805928e-09
R_FACOAL224	2.118276690030868e-06
R_FACOAL226	1.6722627820785207e-06
R_FACOAL244_1	2.452041054989279e-06
R_FACOAL245_2	2.4520225948843066e-06
R_FACOAL246_1	2.4543313708463854e-06
R_FACOAL260	2.1686103205270646e-06
R_FADDP	1.6347215737282095e-06
R_FAEL183	2.5885995023344766e-06
R_FAH3_1	1.7761724409262863e-08
R_FAOXC140	6.225914227497853e-07
R_FAOXC150m	-8.268609241746105e-09
R_FAOXC160	5.518282224226123e-07
R_FAOXC161802m	1.2390535194528596e-06
R_FAOXC16180m	1.3936409848230857e-06
R_FAOXC170m	-7.619879158204945e-09
R_FAOXC180	4.8297284220844006e-06
R_FAOXC1811602m_1	8.712366445090547e-07
R_25HVITD2t	5.861380677836883e-05
R_CRNCARtm	-0.0001620499558106503
R_r2434	-1.9100099971455786e-05
R_CARN160t_m	-1.1671267118779777e-05
R_CARN1819Zt_m	7.326748778166414e-07
R_r2437	5.547459520270637e-06
R_FAOXC183803m	1.3283579512191057e-06
R_r2438	-6.739334927174934e-06
R_r2447	2.755714881814163e-06
R_FAOXC183806x	6.395515145043995e-07
R_r2449	4.971530896185483e-06
R_r2465_1	9.274887990531888e-06
R_r2482	3.343151594164215e-06
R_FAOXC18480x	1.7680618782517366e-06
R_r2483	3.343151594164239e-06
R_r2485	3.2863982845319474e-06
R_FAOXC200180m	1.3281304088036405e-06
R_r2490	3.3666564083508425e-06
R_r2494	3.341360350423394e-06
R_FAOXC204184m	1.3802371924970247e-06
R_r2495	3.341360350423377e-06
R_r2497	5.258371816406829e-06
R_FAOXC2242046m	1.4695390306990186e-06
R_r2498	2.689199029823168e-06
R_r2499	2.2986183513895933e-06
R_r2501	2.218503906963043e-06
R_FAOXC2242046x	1.3371015407728781e-06
R_r2503	2.2487831810398193e-06
R_r2507	5.9046694125989424e-05
R_r2508	7.988084346929186e-05
R_r2511	-2.9483198358777607e-05
R_FAOXC2251836x	1.0104028620241956e-06
R_r2513	5.7326337921496245e-05
R_r2521	-8.78155273000801e-05
R_r2526	3.4980181390491596e-05
R_r2535	3.351359563844199e-05
R_r2537	1.5692365756724697e-05
R_r2539	-1.4917371488291226e-05
R_EX_sprm_e	6.549350700796319e-07
R_GNK	-0.0004456769597934
R_FACOAE180	5.570317386443396e-06
R_GULND	-2.97965058782719e-05
R_FAOXC226	5.905358654578752e-07
R_RE0453N	-4.8533932384652034e-06
R_RE0512M	1.2367491078468795e-06
R_RE1925C	-3.465834122924616e-07
R_FAOXC226205x	2.351320196644635e-05
R_RE1933C	-1.5382198098566613e-06
R_RE2079R	-2.949029909160572e-16
R_RE2112C	0.000870297447297802
R_RE2147C	1.9151682411240465e-06
R_RE2154C	1.3792467109148554e-06
R_FAOXC240200x_1	6.525676014834669e-07
R_RE2235C	2.889444373245509e-07
R_RE2235R	6.217928359975033e-07
R_RE2269E	1.4240791531726798e-09
R_r2343	1.1528032720161083e-11
R_r2346	4.626725449149564e-12
R_r2353	1.0211476934452277e-10
R_r2356	4.391035849990512e-12
R_r2361	3.2198891700649187e-12
R_RE2270E	1.4240825780978753e-09
R_RE2304E	-4.272244384325753e-09
R_RE2327C	-7.887742509447848e-06
R_RE2349C	-4.199428495567717e-05
R_RE2404C	1.4583481363062534e-06
R_RE2407C	1.5745782080411885e-06
R_RE2410C	1.943124855366407e-06
R_RE2428M	2.916986850740581e-08
R_RE2439C	1.0832523177073394e-09
R_r2364	1.358667875334643e-12
R_r2365	4.476231256739151e-12
R_r2367	4.436454477588774e-12
R_r2368	3.2073907271622628e-12
R_ASCBt5	6.754168694736006e-06
R_r2371	2.9289891767383947e-05
R_r2372	2.167113987178171e-06
R_AKGCITtm	4.322610991547293e-05
R_r2376	4.5841448204630986e-06
R_RE2514E	2.069224735757322e-09
R_RE2541C	1.4583481362516774e-06
R_RE2541E	-1.1541332126108195e-16
R_RE2624M	-1.9125386142848644e-08
R_RE2624X	-3.6204123849241376e-06
R_RE2625C	-2.676737514986649e-06
R_r2378	3.1530892196984794e-05
R_r2379	-3.815494502554251e-06
R_r2380	2.417030832757572e-06
R_RE2626C	8.636810637124501e-05
R_RE2635R	8.364725250040866e-07
R_r2381	1.1877190153150585e-05
R_r2386	1.1978335017662212e-05
R_RE2636R	1.712523291055125e-08
R_RE2637C	1.0457418234583208e-06
R_r2389	1.2193638498900206e-05
R_RE2637X	1.0911866275507007e-06
R_r2390	1.200157799501056e-05
R_RE2638C	1.1105857042449999e-06
R_r2391	1.2393667235377492e-05
R_r2392	1.2322703996620055e-05
R_r2393	6.140990791424217e-05
R_r2394	6.093344905871989e-05
R_r2395	3.960516302590697e-06
R_r2397	4.26128492822452e-06
R_RE2640C	-4.248441085350288e-05
R_RE2649C	1.4867002295332332e-05
R_RE2655R	-8.574635095352084e-06
R_RE3185M	-1.0540377529122402e-08
R_RE3186M	-1.0540376862988587e-08
R_RE3189M	-1.0540377876067097e-08
R_RE3190M	-1.0540376987888678e-08
R_r2398	4.725511766529402e-06
R_r2401	4.426227450704187e-06
R_r2402	4.910168370106464e-06
R_RE3191M	-1.0540376488288317e-08
R_RE3195M	1.0540377695655856e-08
R_r2403	4.457425873666141e-06
R_FAOXC241181x	4.1552926847293614e-07
R_r2406	3.968549368904236e-06
R_r2410	3.5907778104271072e-06
R_r2413	3.7170389881590877e-06
R_r2416	4.652505254027238e-06
R_RE3198C	-1.095442614111597e-05
R_RE3218C	-5.469158784084105e-07
R_RE3220C	3.9448077479575794e-07
R_RE3225C	1.4013980565830142e-05
R_r2420	-2.0874905484399853e-06
R_r2425	5.539530639021156e-06
R_RE3226C	7.26360427752426e-06
R_FAOXC80	1.1664401530220303e-06
R_RE3227C	1.498660103777319e-05
R_RE1517X	9.95776998073683e-07
R_RE1518M	-1.9341510189493927e-06
R_RE1521M	9.387679975603191e-07
R_RE1521X	3.337513322073174e-06
R_RE1523M	1.2367491079023907e-06
R_RE1523X	9.957769966408014e-07
R_RE3229C	1.4986601038737696e-05
R_RE3230C	1.401398056678077e-05
R_RE3235C	7.26360428022349e-06
R_RE3238C	2.193414477453387e-06
R_RE3239C	2.5404173830539944e-06
R_RE3242C	2.0102131392252254e-06
R_RE1525M	4.318690664639746e-06
R_RE1525X	3.3375133209473384e-06
R_RE1530C	-0.00011897191179586
R_RE3244C	2.0102131393050227e-06
R_FACOAE181	-1.311979503956437e-05
R_RE3258C	2.9144494301941437e-06
R_RE1531X	9.957769975810216e-07
R_RE3259C	2.8417024281620316e-06
R_RE1532M	4.318690664556479e-06
R_RE3267E	-2.1295989624525724e-09
R_RE1532X	3.337513321433061e-06
R_RE3268R_1	1.7237580567973848e-06
R_FAS100COA	1.531093706236275e-06
R_PI35P3P	-1.1188038186560334e-05
R_PI4P4Pn	5.318592010108286e-06
R_RE3273C_1	-1.9409415639042027e-05
R_RE1533M	9.387679974770524e-07
R_RE1573M	9.387679974492968e-07
R_RE1573X	3.3375133225016507e-06
R_RE1709N	5.551115123125783e-17
R_RE1711C	-4.630360590784921e-08
R_RE3301C_1	1.221873218536576e-06
R_RE3346C	8.631227013201903e-05
R_FADRx	5.989695598084335e-05
R_RE3352C	2.550377073834431e-06
R_RE3381E	-1.1541332126108195e-16
R_RE3417C_1	1.0809040191343822e-05
R_RE3420C_1	-1.0809040191739339e-05
R_RE3423C	3.592118056443272e-07
R_RE1796M	1.1731075962958024e-06
R_HSD3B7	-1.9011727755970123e-06
R_RE1803C	3.3287914859084222e-06
R_RE1804C	1.9867896629451043e-06
R_RE1807M	-2.7176258433694866e-06
R_RE1834C	9.853794987545184e-06
R_RE1834X	1.1422127563345819e-05
R_RE1836C	6.434911393378775e-05
R_RE3430C_1	8.359935617832659e-06
R_RE3430M	8.251886168052919e-06
R_EX_CE1940_e	1.2671467251798574e-06
R_EX_CE1936_e	1.2866418400286905e-06
R_SCP3x	6.947433193503494e-05
R_BAAT5x	-8.756942416645978e-06
R_EX_maltpt_e	-5.732336973152119e-09
R_EX_CE2916_e	-4.993693750177108e-09
R_RE1846C	1.957518038763655e-06
R_RE1860E	-1.5265566588595902e-16
R_EX_CE2917_e	-4.993693753646555e-09
R_EX_CE2839_e	-4.0562946959643575e-09
R_RE1897C	-3.3948581189269245e-06
R_RE1903R	-1.9173708995269545e-06
R_EX_CE1950_e	-2.998879325422088e-09
R_FAS120COA	1.5880922913658058e-06
R_EX_23cump_e	-4.993693701604851e-09
R_EX_CE5788_e	-4.2827224960850785e-09
R_EX_CE5789_e	-4.282720584419808e-09
R_RE1915C	4.2350174885713576e-07
R_RE1916C	4.727514995084281e-06
R_RE1918C	2.534707631462324e-06
R_EX_CE5798_e	-4.993693788341025e-09
R_EX_CE5791_e	-7.125645937883229e-09
R_EX_CE5867_e	-3.333333317701026e-09
R_EX_CE5869_e	-6.653415537266616e-09
R_EX_CE4633_e	-6.02619329090337e-09
R_EX_CE1926_e	-4.993693843852176e-09
R_EX_udpgal_e	-2.5009303621092993e-09
R_EX_crm_hs_e	9.288902170744018e-07
R_RE1921C	6.020841299136936e-07
R_RE1923C	1.9510419716588234e-06
R_RE2658R	5.0772997556604305e-06
R_RE2659R	4.73989328817967e-06
R_B3GNT38g	1.2056791102157613e-06
R_RE2675C_1	2.6312072718449875e-06
R_RE2677C_1	1.4284966845107272e-06
R_RE2677G_1	7.494650562517302e-07
R_RE2677R_1	1.3738236622311273e-06
R_EX_galside_hs_e	-7.485645787258521e-09
R_EX_CE0074_e	1.9594801374221704e-06
R_EX_12dgr120_e	-3.929212531728066e-09
R_EX_C04849_e	1.0422783848218486e-06
R_GLYt7_311_r	-3.843142305780048e-11
R_RE2759X	1.5724945544096092e-06
R_RE2766C	-1.0442781898669832e-09
R_RE2799C	5.186581740411131e-05
R_RE2814R	-4.6554069228193357e-05
R_RE2898C	-9.66895280854474e-09
R_PIt8	-0.0007957704597784943
R_2MB2COAc	-6.831920390526491e-09
R_ADPACDAc	2.3371765597822447e-06
R_ADPACTD	2.7073547779893348e-06
R_RE2912M	2.396346123284543e-06
R_RE2958C	-2.6605752529766657e-05
R_FAS140COA	2.527459178253144e-06
R_RE2985M	3.5790678115793506e-06
R_RE2987X	1.9708849706978615e-06
R_RE2988X	1.9708849711003174e-06
R_BCRNe	-8.716432752658987e-09
R_C100CPT1	-6.831921500749516e-09
R_SK_c101coa_c	6.831920557059945e-09
R_C101CPT1	-6.831920557059945e-09
R_C101CRNe	-8.716430115879303e-09
R_C10CRNe	-8.716431115080026e-09
R_C10DCCACT	-2.3439631259176974e-06
R_C10DCc	2.337131220012112e-06
R_C12DCACOT	2.7149384753469286e-06
R_RE2989X	2.3417363204381036e-06
R_RE2990X	2.3417363195143634e-06
R_RE2992X	2.3417363218952714e-06
R_RE2993X	2.341736321409549e-06
R_RE2994X	2.3417363209238262e-06
R_RE2996X	1.970884969476616e-06
R_RE2997X	2.3417363190711415e-06
R_RE3003M	-3.3799226668573823e-06
R_RE3004M	3.379922666801871e-06
R_RE3006M	3.3799226666630933e-06
R_PAPSR	2.2885656664577148e-06
R_C12DCACT	2.331560449164022e-06
R_DOCOSADIACTD	4.865760563736721e-07
R_DOCOSDIACTD	1.8222912462062535e-06
R_EX_3bcrn_e	-9.344014260254108e-09
R_EX_3ddcrn_e	-9.344015075574141e-09
R_EX_3deccrn_e	-9.344015488438329e-09
R_EX_3hexdcrn_e	-9.55460082580073e-09
R_RE3010M	-4.8937787481821704e-05
R_RE3011M	1.6401142583686266e-06
R_RE3012C	-7.072222479448387e-07
R_RE3012M	1.6401142579891559e-06
R_RE3012R	-4.7295270828584535e-06
R_EX_3octdec2crn_e	-9.554602879713325e-09
R_EX_3octdeccrn_e	-9.55460180418477e-09
R_EX_3octdece1crn_e	-9.554600156197468e-09
R_EX_3tdcrn_e	-9.344016678458633e-09
R_EX_3tetd7ecoacrn_e	-9.554587333121534e-09
R_EX_3ttetddcoacrn_e	-9.554630392427654e-09
R_EX_c16dc_e	-9.34403491734126e-09
R_EX_c4crn_e	-9.344018624818373e-09
R_RE3015R	2.755143058783471e-06
R_RE3033C	9.625247520243102e-06
R_RE3431C	1.6693056079479518e-06
R_RE3432M	8.251886168056388e-06
R_RE3432X	-1.4073165072688021e-05
R_RE3435C	2.538656712795101e-06
R_RE3470C	-5.6737917358343215e-06
R_RE3470M	-4.912583825782135e-06
R_RE3475C	2.3201409199979928e-06
R_EX_c51crn_e	-9.3440192770744e-09
R_EX_c6dc_e	-9.344046147941043e-09
R_EX_c81crn_e	-9.344018784412933e-09
R_RE3488R	3.941120468517467e-06
R_EX_c8dc_e	-9.344046134063255e-09
R_RE3493C	4.658865043114663e-06
R_FAS180COA	1.6728863803938676e-06
R_RE3496C	2.6516499823520112e-06
R_RE3525C	2.8625619067712896e-06
R_EX_ddece1crn_e	-9.344018784412933e-09
R_EX_ddeccrn_e	-9.344016938667155e-09
R_EX_doco13ac_e	7.881536246596987e-07
R_EX_ivcrn_e	-9.615499209358891e-09
R_RE3525R	5.456027328078206e-06
R_RE3556C	2.4043877305535144e-06
R_RE3568C	3.6073785535037373e-06
R_EX_tetdec2crn_e	-9.344018857271319e-09
R_EX_tetdece1crn_e	-9.344018784412933e-09
R_FAOXC101C102m	1.2991930991995693e-05
R_FAOXC101C102x	4.8774967899775645e-06
R_RE3624M	3.379922666638807e-06
R_RE3629C	5.097034904835013e-06
R_RE3630C	5.097034904803788e-06
R_RE3637C	4.755006888443325e-07
R_EX_prostgi2_e	7.160835381152253e-07
R_FAOXC101C8m	3.428798526852739e-05
R_FAOXC102C101x	3.560034987169086e-06
R_FAOXC102C103m	1.501757711409174e-05
R_FAOXC102C103x	9.612297149852456e-06
R_FAOXC10DCC8DCx	4.915174766595594e-06
R_FAOXC11BRC9BRx	-1.0283547276744576e-08
R_FAOXC11C9m	-9.77552901126888e-09
R_FAOXC121C10x	6.922049496991059e-06
R_EX_cdp_e	-5.7280723358976715e-09
R_EX_dtdp_e	-4.993693795279919e-09
R_EX_HC00955_e	-1.0034963311700285e-09
R_EX_HC00004_e	-8.485215103465338e-09
R_EX_C02470_e	1.1773670711562323e-06
R_FAOXC121x	1.5393505028146737e-05
R_FAOXC122C101m	1.2922241138919877e-05
R_EX_HC02193_e	9.741472328829437e-07
R_EX_HC02196_e	2.9825503820059274e-06
R_SEBCOAPET	2.707415689764958e-06
R_EX_HC02220_e	3.5672793276195214e-06
R_STRDNCCOAtxc	1.34876323637078e-06
R_EX_HC02194_e	8.335030167637425e-06
R_FAS80COA_L	5.763415291265561e-07
R_EX_HC02197_e	1.1534669482303472e-06
R_EX_HC02187_e	-7.652143498709796e-09
R_EX_HC02180_e	1.5111312947485578e-08
R_SUBEACTD	2.6973646787484262e-06
R_SUBERCACT	-1.4851523529556265e-06
R_SUCCACT	1.8544963838566797e-06
R_SUCCOAPET	3.854614759060682e-06
R_TETDEC2CRNe	-8.716430070776493e-09
R_ALAATB0tc	3.5151585898661025e-06
R_ASCBSVCTtc	1.9606539182030758e-06
R_BALABETAtc	1.11856979328126e-05
R_BGLUGCHe	-3.3277545476162462e-09
R_BGLUTCHLe	-3.327754551085693e-09
R_CYSATB0tc	3.514361535140889e-06
R_EX_HC02202_e	1.2029908234428843e-06
R_EX_malcoa_e	-2.6310189686629126e-09
R_TTDCPT1	-1.4183662673819541e-05
R_C141ACBP	-8.612895605053517e-09
R_C141CPT1	-6.831920557059945e-09
R_C141OHc	-7.93976007162911e-09
R_C142ACBP	-8.612860299961334e-09
R_C142OHe	-9.15116132524374e-09
R_C161OHc	-7.939760057751322e-09
R_C162OHc	-7.939756449526492e-09
R_C162OHe	-9.151158594788988e-09
R_C16DCc	-6.83191153649787e-09
R_C16DCe	-8.716420862864283e-09
R_FA160COAabcp_1	2.2023664173432753e-06
R_CYSTALArBATtc	3.736111004968353e-06
R_FOLt	2.2066253744196934e-05
R_GLCSGLT1le	1.422847016690782e-06
R_GLNyLATthc	3.1465435135165365e-05
R_GLYGLYCNc	-5.912508605598887e-06
R_GLYGLYPEPT1tc	-3.329602304264455e-09
R_GLYPROPEPT1tc	1.036548952337759e-05
R_GLYSARCNc	-3.3296024687379244e-09
R_C181OHc	-7.939758892017146e-09
R_C30CPT1	-3.57605339183914e-05
R_C40CPT1	-3.130152018306076e-05
R_C4OHc	-6.831923152206265e-09
R_C4x	1.93917471207998e-05
R_C50CPT1	-8.245851210175736e-09
R_C6CRNe	-8.716430102001516e-09
R_GLYSARPEPT1tc	-3.329602522839613e-09
R_GLYSNAT5tc	-1.2535821794195778e-05
R_HISyLATthc	6.307277162543451e-05
R_ILEATB0tc	3.517883305042215e-06
R_LEUyLAThtc	3.1376328727641956e-05
R_LYSATB0tc	3.650065828695787e-06
R_METyLATthc	3.0481298362868003e-05
R_OCDEAFABP1tc	-2.7415526292101317e-11
R_EX_gltcho_e	-6.656165452145757e-09
R_C6CRNtcx	-5.4902739082887675e-06
R_C6DCe	-8.71641329600048e-09
R_SK_c81coa_c	6.831920557059945e-09
R_C81CPT1	-6.831920557059945e-09
R_C8CRNe	-8.716430872218739e-09
R_C8DCc	1.4783204487639479e-06
R_EX_glygly_e	-3.329602284857236e-09
R_EX_gum_e	-4.92002272256542e-12
R_EX_gumdchac_e	-6.656165472962439e-09
R_EX_gumgchol_e	-6.656165781743217e-09
R_EX_pectindchac_e	-6.6561662744046846e-09
R_C8DCe	-8.71641341049223e-09
R_C9BRxtc	-1.3357772735249351e-06
R_EX_psyltdechol_e	-6.6561654139818405e-09
R_EX_tdechola_e	4.886428183625835e-05
R_EX_cysam_e	-5.363970961846931e-09
R_EX_dpcoa_e	-4.6926428159954625e-09
R_DCATDc	2.2078631315425312e-06
R_DCATDr	-1.0845225516253887e-09
R_DCSPTN1COAtxc	1.5752273237945176e-06
R_DDECCRNe	-8.7164312018162e-09
R_DDECE1CRNe	-8.716430115879303e-09
R_DECCRNe	-8.716432183669687e-09
R_EX_fmn_e	9.074051971334762e-06
R_EX_hyptaur_e	-6.457469056003751e-09
R_EX_oh1_e	-4.4442106487962985e-09
R_EX_q10_e	4.807182557992062e-07
R_DECDICRNe	-8.716430115879303e-09
R_DOCO13ECOAtxc	2.1947936466950276e-06
R_FATP4t	9.249014383760478e-06
R_FAOXC160140x	2.1429466481532114e-06
R_FAOXC181C161m	2.3566413145659215e-06
R_FAOXC181C161x	2.8408065561348617e-06
R_FADH2ETC	0.00011767217173937194
R_FE3t	-5.798272130753089e-05
R_ACP1e	1.3217581308344606e-06
R_GLUPROASCT1	5.350518410443539e-05
R_GLYCt	-6.50129234625943e-05
R_INSt5	2.3714645229420047e-06
R_FAOXC182C182OHm	-9.286007240927319e-09
R_FAOXC183C163Gm	6.059205142058821e-06
R_FAOXC184C163m	3.3882518393618666e-06
R_IPDDI	-4.993585010090035e-05
R_LAPCOAe	-8.42523546762397e-09
R_LEUGLYHYc	-3.3296022397544256e-09
R_FAOXC184C164x	9.612297149691994e-06
R_FAOXC184x	5.759859256784794e-06
R_FAOXC185m	1.0110581913781724e-05
R_FAOXC201C181x	2.8408065558512344e-06
R_FAOXC204C184m	3.388251839014922e-06
R_FAOXC205C184x	5.75985925628953e-06
R_FAOXC205C185m	1.0110581913802541e-05
R_MEVK1	2.5997060266264027e-05
R_MTHFR3	5.561776256227981e-05
R_PAN4PPe	-9.636351605557536e-09
R_PGLc	0.00010859408135324711
R_PMEVK	2.5997060266583216e-05
R_PNTOt5	2.0341570474285975e-06
R_PTRCtex2	-4.671608747272918e-05
R_FAOXC225C204x	5.759859255218339e-06
R_FAOXC225m	3.3882518383071547e-06
R_FAOXC225x	5.759859254661492e-06
R_FAOXC226C205m	1.4126823036780811e-05
R_RPEc	0.00015686056154848305
R_TRPB0AT3tc	1.7194328514031222e-08
R_CAMPt	2.1712971170276263e-06
R_FAOXC226C225x	5.759859254030053e-06
R_FAOXC226C227m	1.4126823036864078e-05
R_FATP5t	6.794266029074925e-06
R_FAOXC226m	1.4126823036822445e-05
R_FAOXC22C20x	1.4721792554800092e-06
R_FAOXC241C221x	6.460129082968072e-07
R_FAOXC24C22x	1.1855028077120341e-06
R_FRUt4	-2.1825619033328505e-06
R_GCHOLAt3	2.2690293601801415e-06
R_RIBFLVt3o	2.2194218124993448e-06
R_CHSTEROLt	2.239333116139941e-06
R_FAOXC5C3x	-9.915060657922359e-09
R_FAOXC5C5DCc	-6.831919932559494e-09
R_FAOXC5C5OHm	1.8438077101771977e-05
R_FAOXC5OHc	-6.831920473793218e-09
R_FAOXC61C4m	7.746652498183404e-06
R_FAOXC61C4x	4.845462607288263e-06
R_FAOXC61x	9.612297149713678e-06
R_FAOXC6C4m	3.7743936308273773e-06
R_FAOXC7C5m	-9.903798697807886e-09
R_FAOXC81C61x	9.612297149731892e-06
R_r0963	2.0972119900324222e-05
R_LNELDCCRNte	7.114712541963532e-05
R_ODECRNte	7.114712541958501e-05
R_PMTCRNte	7.114712541957981e-05
R_HDCECRNte	7.114712541960062e-05
R_EX_argsuc_e	1.0599882000021654e-05
R_EX_stcrn_e	-8.101743845245757e-09
R_EX_hdcecrn_e	-8.101743748101242e-09
R_HC00342te	2.463350184007604e-05
R_PHLAC	-1.5164454840923408e-05
R_FAOXC8C6x	4.125657383543223e-06
R_FAOXMC10OHMC10r	-6.167256067102645e-09
R_FAOXTC101TC102m	5.549472960615642e-06
R_FAOXTC102C101m	5.5494729606017645e-06
R_FAOXTC122TC101m	5.549472960643398e-06
R_FAOXTC122m	5.549472960698909e-06
R_C14825c	6.700654323058301e-06
R_3MHISc	1.3120236280087655e-05
R_FAOXTC142TC122m	5.549472960747481e-06
R_PHACGLYc	1.7870755808363503e-06
R_GLUTCOAACBP	-6.8319201684818864e-09
R_LCAT12e	1.3998185684461172e-06
R_LCAT13e	7.829330656182118e-07
R_LCAT54e	1.3998185684456835e-06
R_LCAT15e	7.829330656199465e-07
R_HDDACBP	-6.831922652605904e-09
R_HDECAACBP	-8.612884613845573e-09
R_HDECEACBP	-8.61289545239785e-09
R_HEDCECRNe	-9.151134228863045e-09
R_MAGOLE_HSe	2.0709176193757332e-06
R_LPS5e	2.0709176193757332e-06
R_PCHOLMYR_HSPLA2	6.245140113519954e-07
R_PCHOLPALM_HSPLA2	6.245140113519954e-07
R_HEXCOAACBP	2.7947323409827085e-05
R_HEXDCRNe	-9.151142586760752e-09
R_PEPALM_HSPLA2	9.896839735651364e-07
R_FATP6t	7.951347095831382e-05
R_PCHOLSTE_HSPLA2	6.245140113519954e-07
R_PCHOL2OLE_HSPLA2	6.245140113381176e-07
R_PCHOL2STE_HSPLA2	6.245140113381176e-07
R_HEXDICOAACBP	-6.831911758542475e-09
R_HOCDACBP	-8.61288380893388e-09
R_HOCTDACBP	-8.612885168957085e-09
R_HOCTDEC2CRNe	-9.151143873925571e-09
R_HOCTDECCRNe	-9.151143173097287e-09
R_PCHOLN15_HSPLA2	6.245140113381176e-07
R_PCHOLN183_HSPLA2	6.245140113381176e-07
R_PCHOLN19_HSPLA2	6.245140113519954e-07
R_PCHOLN201_HSPLA2	6.245140113381176e-07
R_PCHOLN204_HSPLA2	6.245140113519954e-07
R_PCHOLDEIC_HSPLA2	6.245140113519954e-07
R_PCHOLLINL_HSPLA2	6.245140113381176e-07
R_OCD11CRNCACT	3.2297624687413484e-06
R_OCD11CRNCPT2_1	3.227877959132222e-06
R_OCTDEC2ACBP	-8.612882934633248e-09
R_OCTDECCACT	-7.401501873199878e-09
R_OCTDECCPT2	-9.28601143375396e-09
R_OMHDOCOSACTD	1.3357151890658336e-06
R_OMHPALTD	8.100148181484912e-06
R_PRISTCOAtcx	2.2204294842544103e-06
R_SEBACACT	2.3371312196963923e-06
R_SEBACIDTD	2.707415689959247e-06
R_CE4843HYDc	2.7934648278334084e-06
R_FACOAE60	-3.771306758064766e-05
R_TETDECA511ACc	9.076543548348914e-06
R_HMCARNc	2.2362264229455753e-06
R_METTRANSc	3.17262335897614e-05
R_SEBCOACROT	-2.3420786166745977e-06
R_PALFATPtc	1.7087436476707907e-06
R_METDECARc	3.17262335895567e-05
R_FATP9t	8.026196752226183e-05
R_3MTPte	3.1726233589400576e-05
R_TTDCRNNAt	-2.097427797310286e-05
R_PCHOLHSTDe_1	3.0185414896140295e-05
R_PECDCHe	-3.3277553386501513e-09
R_PECTCHLe	-3.3277552692612122e-09
R_PEHSFABPe	3.672075158404765e-12
R_PMTCOAFABP1tc_1	2.251183548404517e-11
R_PNTOte	-2.3158333788297902e-05
R_PROGLYPEPT1tc	1.0365868271999248e-05
R_AMPTASEPG	-1.478178093944349e-05
R_PSYTCHe	-3.327754551085693e-09
R_PSYTDECHe	-3.327754561494034e-09
R_SBT_Dt	-3.3296017505624054e-09
R_SERATB0tc	3.520859651270599e-06
R_TAUBETAtc	2.9806040818695922e-05
R_TAUPAT1c	6.213939283610144e-05
R_THRATB0tc	3.518095275849997e-06
R_VITKtl	6.209842462051238e-05
R_1a25DHVITD3TRn	5.870670053552407e-06
R_25HVITD3c	2.4364650291243406e-06
R_15KPROSTGF2t	7.097359337564224e-07
R_21HPRGNLONEt2	-1.626328206938421e-06
R_34HPLte	3.130427290859786e-05
R_3HMPtd	7.338646503485258e-06
R_3HPPPNOHc	-6.482121280709796e-09
R_3MHISt3	4.029898875104049e-05
R_4AABUTNt	-5.954511448944683e-06
R_4TMEABUTNt1	9.980028026349355e-05
R_4TMEABUTNt2	-9.980500664285782e-05
R_5MTHFt2	-3.9755086665978906e-05
R_ADNK3	2.1755602943804297e-06
R_ADNK4	2.1949686691211112e-06
R_56DTHMtd	-0.00011061191602932535
R_AMETtm	4.636265078863944e-06
R_ARACHFATPc	1.2226611966828504e-06
R_ASPte	1.87558724794451e-05
R_BIDGLCURr	6.950325207900898e-07
R_CHOLESACATc_1	1.2551378166386629e-06
R_CHOLESTle_1	3.0378859699298905e-05
R_56DURAt	0.00011157763333493817
R_5AOPt	6.0916412925122315e-05
R_5HPETATP	2.242923905909633e-06
R_5HPETtd	2.4118774308131558e-05
R_7DHCHSTEROLt	2.22499692188044e-06
R_ABT_Dt	7.901529206582464e-06
R_ABTpp2	-1.4723532008223406e-05
R_ABTD1	-6.8220028016617584e-06
R_ACGLYtc	1.6810585276427065e-05
R_ACLYSt	2.935612540141269e-05
R_ACLYStm	2.7609331803429837e-05
R_ADPACtd	3.701782184221958e-07
R_CYSAMOe	-8.856529367523569e-09
R_DATPtm_cho	2.5059979767150242e-06
R_DHAPtm	2.2922744105435128e-05
R_DM_1a25dhvitd3_n	5.870670053562815e-06
R_DM_4abut_n	3.1194834578578134e-05
R_DM_5HPET_r	3.94694343631985e-08
R_DM_pe_hs_r	5.270796582211579e-07
R_DPCOAPPe	6.665808958639108e-06
R_DPMVD	2.5997060267235472e-05
R_ADPOHt	5.3087691239094015e-06
R_ALLTNti	-2.5503770740009646e-06
R_AMETt	4.65734726623826e-06
R_EX_7dhchsterol_e	6.595397877059289e-06
R_EX_acgly_e	1.6810585276506862e-05
R_EX_aclys_e	2.9356125401391875e-05
R_EX_acorn_e	-4.993694041610652e-09
R_EX_alaala_e	-3.329601774848534e-09
R_THMDt5	1.1289771669629393e-06
R_TTDCAFATPc	1.3934425756832736e-06
R_q10tm	-8.386540887393018e-06
R_4MOPte	-5.882793826735705e-06
R_AHCYSte	2.157239504071984e-06
R_DM_anth_c	3.3863064846095803e-06
R_DM_fol_c	0.00012104252878863617
R_DM_pnto__R_c	1.7723119550873412e-06
R_EX_4mop_e	5.88279382664203e-06
R_EX_5mta_e	1.4455857335966132e-05
R_EX_adpac_e	3.701782186373015e-07
R_EX_biliverd_e	3.3855064496615683e-07
R_EX_C04805_e	3.8412277017431384e-05
R_EX_C06315_e	1.037510197812383e-05
R_EX_C11695_e	8.549124667911467e-07
R_EX_C14768_e	2.0181116258816134e-06
R_EX_C14770_e	1.7074239399526847e-06
R_EX_C14825_e	3.8589518947737544e-06
R_EX_C14826_e	4.140510669360664e-06
R_EX_CE0955_e	7.129475035790034e-07
R_EX_5oxpro_e	0.00012771684585081988
R_EX_cbasp_e	9.326595528172388e-07
R_OROTGLUt	-2.1394084920306075e-11
R_GLYALDtr	-4.197618342735576e-05
R_LKYNRtr2	-2.7948909134818505e-06
R_LKYNRtr3	-2.424311577113418e-05
R_BALAPAT1tc2	-0.00027948153742496373
R_BALABETAtc2	0.00012759821418686576
R_CRTNtr	-3.417387903036431e-05
R_EX_CE1556_e	1.7803472200938336e-05
R_EX_CE2028_e	2.223244090011206e-06
R_EX_CE2445_e	3.086442271107992e-06
R_EX_CE2537_e	2.251027564820207e-06
R_EX_CE5304_e	7.129210823839105e-07
R_EX_CE6247_e	3.5008190206603507e-06
R_EX_CE7172_e	2.9368601976546838e-06
R_KYNATEtr	5.160710637099956e-13
R_QULNtr	-1.7092778278957773e-08
R_2PGtr	-4.044239489943424e-06
R_CARNtr	-1.1987814868271579e-05
R_CHOLPtr	-2.5018365503691464e-06
R_CYST_Ltr	-1.7786181030730874e-06
R_DCMPtr	-6.325433827350513e-07
R_DHAPtr	-8.977428906983137e-06
R_ICITtr	-1.1307515571476467e-05
R_EX_cortsn_e	8.743388398707586e-09
R_EX_didecaeth_e	1.3559219851182192e-06
R_EX_diholineth_e	1.6144532517733956e-06
R_EX_docteteth_e	1.6976394416889917e-06
R_EX_dodecanac_e	3.83378026689446e-07
R_EX_forglu_e	2.2566134991880427e-08
R_EX_hepdeceth_e	1.3559219851216886e-06
R_EX_hexdeceeth_e	1.6144532517699262e-06
R_EX_hmcarn_e	2.2362264233376228e-06
R_EX_hmcr_e	9.338994336714757e-07
R_L2AADPtr	-5.828123978122296e-06
R_XMPtr	-2.4255483540843586e-05
R_XTSNtr	-9.679081185983568e-06
R_UDPGLCURtr	-4.353897584338795e-07
R_IMPtr	-2.573228300130695e-05
R_EX_hxcoa_e	3.134822466950571e-05
R_EX_leuktrB4woh_e	4.98948888467618e-06
R_EX_magarachi_hs_e	2.0709176196988255e-06
R_EX_magole_hs_e	2.0709176196988255e-06
R_EX_magpalm_hs_e	2.0709176196988255e-06
R_NICRNtr	-0.00026962587434568863
R_OROT5Ptr	-6.557888909825005e-07
R_LCAT18e	7.829330656190792e-07
R_LCAT19e	7.740354256860829e-07
R_LCAT21e	7.617090346536369e-07
R_EX_mi1p__D_e	8.044778482908452e-05
R_EX_Nacasp_e	2.69361424257257e-05
R_EX_nwharg_e	3.446638513586453e-06
R_EX_oleth_e	1.6144532517699262e-06
R_LCAT23e	2.067075091015131e-06
R_LCAT25e	1.3584735399324414e-06
R_LCAT2e	7.829330656182118e-07
R_LCAT30e	7.829330656190792e-07
R_LCAT32e	7.829330656195128e-07
R_LCAT35e	7.829330656182118e-07
R_LCAT37e	7.829330656199465e-07
R_LCAT38e	7.829330656190792e-07
R_LCAT3e	1.3330196411121507e-06
R_LCAT40e	7.740354256860829e-07
R_EX_pailar_hs_e	3.5724324013927666e-06
R_EX_pchol2ste_hs_e	1.4074470776302694e-06
R_GLYACm	1.681058527638543e-05
R_LYSACm	2.7609331803443715e-05
R_GLYC_Rt	4.92537215276978e-06
R_HC00319t1	1.6109424140833828e-07
R_HC02149td	-7.115334265399287e-05
R_HEPDECETH	1.355921984573516e-06
R_HEXDIACtd	-1.7322331450561612e-06
R_HMCARNt	2.2362264231502726e-06
R_HPPPNt2r	-9.908719122986298e-10
R_HXCOAm	1.514801745514105e-05
R_HXCOAte	3.134822466951612e-05
R_LCAT41e	1.3998185684465508e-06
R_LCAT56e	1.3998185684482856e-06
R_LCAT47e	2.0838145420799987e-06
R_LCAT48e	7.74035425687384e-07
R_LCAT4e	1.4062556291881932e-06
R_LCAT51e	7.617090346536369e-07
R_LCAT53e	7.617090346536369e-07
R_HXCOAtx	-1.4014867854725277e-05
R_IND3ACt	4.843476279294684e-06
R_LPIPECOLtx	-1.1311448412064384e-05
R_LTHSTRLt	-1.8597539905851335e-06
R_MEV_Rt	6.241888988390426e-06
R_NACASPt	2.693614242565978e-05
R_LCAT57e	7.829330656190792e-07
R_LCAT5e	7.829330656199465e-07
R_LCAT9e	1.3998185684487192e-06
R_SMS1	1.7189198257896998e-06
R_SMS16	1.718919825782761e-06
R_SMS14	1.718919825782761e-06
R_SMS15	1.718919825782761e-06
R_SMS6	1.718919825782761e-06
R_SMS7	1.718919825782761e-06
R_SMS9	1.718919825782761e-06
R_XOLEST183CEH	1.0581881635385315e-06
R_OAAt_1	9.716777417807104e-06
R_OLEETH	1.6144532513015508e-06
R_pac	1.941926721829579e-06
R_PCOLLG5HLYStd	-1.997228379208016e-09
R_XOLEST205CEH	-5.991689238510345e-09
R_EX_4tmeabutn_e	-7.357157799647851e-09
R_PCHOLN205_HSPLA2	6.245140113381176e-07
R_PCHOLN224_HSPLA2	6.245140113381176e-07
R_PELINETH	1.6144532513015508e-06
R_PENDECAETH	1.355921984573516e-06
R_PCHOLN226_HSPLA2	6.245140113519954e-07
R_PROSTGI2c	-1.3626812151480705e-06
R_PEDH203_HSPLA2	9.896839735651364e-07
R_PEDH14_HSPLA2	6.314693838382901e-07
R_PEDH161_HSPLA2	9.896839735790142e-07
R_PEDH17_HSPLA2	6.314693838382901e-07
R_PAILAR_HSPLA2	2.1661767712760627e-06
R_PCHOLN28_HSPLA2	7.190979786214635e-07
R_SACCRP_Lte	-3.298858922154424e-06
R_SACCRP_Ltm	3.2988589223834075e-06
R_SEBACIDtd	3.615779129370611e-07
R_SUBEACtd	3.494299037863635e-07
R_TETDECA511ACtd	6.8493120048349065e-06
R_THRACm	2.6236186311017623e-05
R_THRNTt	-9.521366348130833e-09
R_TMLYStd	-5.016080453779104e-09
R_TRIDECETH	1.6144532513015508e-06
R_TTDCEAATP	2.2239761202670627e-06
R_C03990ATP	3.2252974429963777e-06
R_C03990t	5.738782359664959e-06
R_C04483t1	2.393595117763936e-06
R_C04717td	-2.8568213469859494e-07
R_C04805ATP	2.2539946799883526e-06
R_C05953tm	-9.141778120526356e-05
R_C05957t	-1.0522983856613155e-05
R_C05957td	1.1236863990737866e-05
R_C06315t	1.0375101978134238e-05
R_URCANt	6.917235522197612e-06
R_WHARACHDt	2.162809930050108e-06
R_WHARACHDtr	3.9465121899617817e-08
R_ACILEm	1.9971497917197628e-05
R_ACILEte	1.9971497917270487e-05
R_EX_acile__L_e	1.997149791730518e-05
R_ACLEUte	1.7718081335018482e-05
R_EX_hisasp_e	8.25148538726242e-06
R_EX_hisglnala_e	8.858781208410937e-06
R_EX_hisglylys_e	5.98626278182357e-06
R_C14768ATP	2.220886101435976e-06
R_C14769td1	-2.0277447569314044e-07
R_C14769td2	2.220886101435976e-06
R_C14771ATP	5.451525430955756e-06
R_C14825ATP	2.2225375279141812e-06
R_C14825td	1.6364143669185538e-06
R_C14826td	1.917720338581036e-06
R_CE0955te	7.129475031626697e-07
R_CE0955tr	-2.660575252938502e-05
R_CE1273t1	2.2379120737936464e-06
R_CE1273t2	4.626379687232632e-05
R_EX_hishislys_e	5.6989955263542225e-06
R_EX_hislysile_e	6.714656147068648e-06
R_EX_hismet_e	9.506015087149683e-06
R_EX_ileasnhis_e	7.88409740582613e-06
R_EX_ileglnglu_e	7.093597572484234e-06
R_EX_ileglyarg_e	6.635745109253438e-06
R_EX_ileserarg_e	6.348110259856571e-06
R_EX_iletrptyr_e	7.025559654066926e-06
R_CE1297t	2.219078444099659e-06
R_CE1297td	-2.219078444099659e-06
R_CE2176t	-1.3523496130082857e-06
R_CE2445t	3.0864422707541084e-06
R_CE2510t	5.896929410373342e-06
R_CE2513ATP	2.1519056536967174e-06
R_CE2537ATP	3.815605853219051e-06
R_CE4843t	2.2215813770543047e-06
R_EX_leualaarg_e	8.577158795038814e-06
R_EX_leupro_e	1.0637837591101484e-05
R_EX_leutrparg_e	5.925279461978239e-06
R_EX_leutyrtyr_e	6.296068437546681e-06
R_EX_lysgluglu_e	5.746632045697947e-06
R_EX_lyslyslys_e	5.4518995436826645e-06
R_EX_lyspheile_e	7.009982370086848e-06
R_EX_lystyrile_e	6.694538006068312e-06
R_EX_lysvaltrp_e	6.530590025897315e-06
R_EX_metargleu_e	6.345113138149505e-06
R_CE5304t	7.12921082092477e-07
R_CE6031t	3.9448077451473273e-07
R_CE7082ATP	6.384994005341482e-06
R_CORTSNt	8.743390948751095e-09
R_CORTSNti	-8.465603287821644e-09
R_DIDECAETH	1.3559219845700465e-06
R_DIHOLINETH	1.6144532513015508e-06
R_EX_12HPET_e	1.042399722143983e-06
R_EX_2oxoadp_e	4.713546793346651e-06
R_EX_34hpl_e	3.13042729085701e-05
R_EX_3hpp_e	2.812954527180861e-06
R_EX_3hpppnohgluc_e	-9.47295593009545e-09
R_EX_metasntyr_e	7.1939224596528906e-06
R_EX_metglyarg_e	6.142829911407605e-06
R_EX_methislys_e	6.211245613552824e-06
R_EX_metmetile_e	8.518844992710245e-06
R_EX_mettrpphe_e	6.776969074449163e-06
R_EX_pheglnphe_e	6.440687538845219e-06
R_EX_pheleu_e	9.979830257269423e-06
R_EX_phelysala_e	8.786512112623351e-06
R_EX_3uib_e	1.4607320753326491e-06
R_EX_4aabutn_e	5.954511448993255e-06
R_EX_pcholdoc_hs_e	1.4074470776302694e-06
R_EX_pcholeic_hs_e	1.4074470776268e-06
R_EX_pcholhep_hs_e	1.4074470776337389e-06
R_EX_phephe_e	9.374049571495707e-06
R_EX_phepheasn_e	7.1351970749866656e-06
R_EX_phethrlys_e	6.596325509800743e-06
R_EX_phetrpleu_e	6.739105958289415e-06
R_EX_pchollinl_hs_e	1.4074470776337389e-06
R_EX_pcholmyr_hs_e	1.4074470776302694e-06
R_EX_pcholn15_hs_e	1.4074470776337389e-06
R_EX_pcholn183_hs_e	1.4074470776302694e-06
R_EX_pcholn1836_hs_e	1.4074470776337389e-06
R_EX_pcholn19_hs_e	1.4074470776268e-06
R_EX_pcholn203_hs_e	1.4074470776337389e-06
R_EX_pcholn204_hs_e	1.4074470776268e-06
R_EX_pcholn224_hs_e	1.4074470776302694e-06
R_EX_phetyr_e	8.852031528644444e-06
R_EX_proargasp_e	5.712173309128932e-06
R_EX_procys_e	1.096769949533033e-05
R_EX_proglulys_e	6.200534074452674e-06
R_ALAARGGLYt	-8.231856212370138e-06
R_ALAASNLEUt	-1.1475104543501834e-05
R_ALAHISALAt	-1.4768239263236466e-05
R_ARGCYSGLYt	-6.235284055125176e-06
R_ARGGLUGLUt	-5.425861876623764e-06
R_ARGGLYGLYt	-5.909179003185227e-06
R_ARGLEUPHEt	-6.0383139069628e-06
R_ARGLYSASPt	-5.190085197843107e-06
R_ARGPHEARGt	-5.164974188916812e-06
R_EX_pcholn225_hs_e	1.4074470776268e-06
R_EX_pcholn2254_hs_e	1.4074470776302694e-06
R_EX_pcholn28_hs_e	1.4808070142383056e-06
R_EX_pcholn281_hs_e	1.4808070142383056e-06
R_EX_pcholole_hs_e	1.4074470776337389e-06
R_EX_pcholpalme_hs_e	1.4074470776337389e-06
R_EX_pcholste_hs_e	1.4074470776268e-06
R_EX_pcollg5hlys_e	-5.991686400502738e-09
R_EX_pe12_hs_e	6.535983148141244e-07
R_EX_pe13_hs_e	7.750492921447527e-07
R_ARGSERSERt	-5.471336579697655e-06
R_ARGTYRVALt	-5.990228696577289e-06
R_ARGVALCYSt	-6.6782693010111575e-06
R_ARGVALTRPt	-6.126101590848542e-06
R_ASNCYSCYSt	-8.324524064759128e-06
R_ASNMETPROt	-7.958437872266841e-06
R_ASNPHEASPt	-6.70192172696777e-06
R_ASNPHECYSt	-7.689135930500322e-06
R_ASNTYRGLYt	-6.900668010428879e-06
R_ASNTYRPHEt	-6.809629598639698e-06
R_ASNTYRTHRt	-7.351622052772632e-06
R_ASPGLUt	-8.298020627341748e-06
R_CYSCYSt	-1.1331366545568912e-05
R_CYSGLNMETt	-7.2918612163833454e-06
R_CYSTYRASNt	-7.317543810040142e-06
R_EX_pe17_hs_e	1.4055048101792311e-06
R_EX_pe224_hs_e	8.138612241220811e-07
R_EX_pedh203_hs_e	7.750492921412833e-07
R_EX_pelinl_hs_e	7.750492921412833e-07
R_EX_peole_hs_e	7.750492921412833e-07
R_EX_saccrp__L_e	3.298858922612391e-06
R_EX_sphmyln181161_hs_e	1.7189198269068617e-06
R_EX_sphmyln18117_hs_e	1.7189198269068617e-06
R_EX_sphmyln18118_hs_e	1.7189198269068617e-06
R_EX_sphmyln181201_hs_e	1.7189198269068617e-06
R_EX_sphmyln18123_hs_e	1.7189198269068617e-06
R_EX_sphmyln1824_hs_e	1.7189198269068617e-06
R_EX_sphmyln1825_hs_e	1.7189198269068617e-06
R_EX_steeth_e	1.3683740584351234e-06
R_EX_tetdecaeth_e	1.3559219851182192e-06
R_EX_tmlys_e	-7.503846682910265e-09
R_EX_trideceth_e	1.6144532517699262e-06
R_EX_urcan_e	6.917235522228837e-06
R_EX_xolest183_hs_e	1.0088869293774227e-06
R_EX_xolest205_hs_e	-5.991689210754769e-09
R_EX_xolest226_hs_e	-5.991688895035097e-09
R_GLNASNGLNt	-6.855265852034453e-06
R_GLNHISHISt	-5.951500741889493e-06
R_LYSCYSHISt	-6.3056250290292534e-06
R_LYSPHEILEt	-7.0099823701310834e-06
R_LYSTRPARGt	-5.363003277998081e-06
R_LYSVALTRPt	-6.530590025950224e-06
R_METASNTYRt	-7.193922459706233e-06
R_METHISLYSt	-6.211245613600529e-06
R_METMETILEt	-8.518844992763154e-06
R_METPHEARGt	-6.069232583916576e-06
R_PHEGLNPHEt	-6.440687538893791e-06
R_PHEPHEt	-9.37404957149961e-06
R_PHEPROARGt	-6.032585845156674e-06
R_PHESERTRPt	-6.235327663705898e-06
R_PHETRPLEUt	-6.739105958341457e-06
R_PHETYRt	-8.852031528653551e-06
R_PHETYRLYSt	-5.900163990896906e-06
R_PROARGCYSt	-6.43684550177652e-06
R_PROCYSt	-1.0967699495339003e-05
R_PROGLULYSt	-6.200534074465684e-06
R_EX_estriol_e	2.7479495743817917e-07
R_EX_3hpppn_e	-4.5003774526430895e-09
R_EX_5aop_e	3.2023041398529517e-06
R_EX_abt__D_e	6.822002801630533e-06
R_EX_acglu_e	9.728594220291542e-06
R_EX_CE2510_e	9.71642147955254e-07
R_EX_ddca_e	2.5250477245272046e-05
R_EX_glyc__R_e	4.92537215289815e-06
R_EX_Lcyst_e	1.2372213477815364e-06
R_EX_pac_e	1.9419267219267233e-06
R_EX_pser__L_e	4.327589664637754e-05
R_3HPPPNOHGLUCc	-8.477212692231673e-09
R_ACHOMm	-5.599224542351955e-09
R_HC02195c	1.5547532331402678e-06
R_HC02196c	1.7137486375329086e-06
R_HC02220c	1.677559748807489e-08
R_HC02194c	4.617985938136504e-05
R_URSCHOLCOAc	3.2685018704729785e-06
R_HC02194te	3.082926776032391e-06
R_XOL27OHtmc	4.2040360434557333e-05
R_PROPHEt	-9.96589417364942e-06
R_PROPROARGt	-6.2991273004193125e-06
R_PROTRPLYSt	-6.298741515124544e-06
R_PROVALGLNt	-7.357420855574285e-06
R_SERARGALAt	-7.810777577879277e-06
R_SERCYSARGt	-5.978339823906661e-06
R_SERGLYGLUt	-6.2141077469355516e-06
R_VALLEUPHEt	-7.52227104915083e-06
R_VALPHEARGt	-6.246406787030392e-06
R_VALSERARGt	-6.060411801178233e-06
R_VALTRPVALt	-7.653637226367853e-06
R_TRPGLYASPt	-6.145308018558511e-06
R_ALALYSTHRr	-9.647856127722315e-06
R_ARGALAPHEr	-8.107243872255976e-06
R_ARGARGr	-6.868094626657356e-06
R_ARGCYSGLYr	-6.2352840552032385e-06
R_ARGCYSSERr	-5.97833982396434e-06
R_ARGGLUGLUr	-5.425861876628968e-06
R_ARGGLUPROr	-5.832159673948428e-06
R_ARGGLYGLYr	5.909179003258519e-06
R_ARGHISTHRr	-5.949026561095222e-06
R_ARGLYSASPr	-5.1900851978994855e-06
R_PCSF	-8.158569840110291e-09
R_PCSsec	-9.24534431304136e-09
R_EX_bgly_e	-8.03595913076438e-09
R_MEPIt	1.3525502886926888e-06
R_TREt	1.9976613210848093e-09
R_LEULEUt	2.2399644276801384e-05
R_GLYPROt	2.1637503903153277e-05
R_PROGLyt	2.1600107791591716e-05
R_DHBPTt	2.3906714023205766e-06
R_THBPTt	3.3857021275555954e-06
R_EX_normete__L_e	9.83516564207615e-07
R_EX_mepi_e	8.673046566383402e-07
R_EX_maltttr_e	-5.732337032132717e-09
R_EX_thbpt_e	3.3857021277672317e-06
R_EX_adprib_e	-5.1307708220926784e-09
R_DM_itp_n	-5.447381452167166e-09
R_EX_proleuarg_e	6.305332912032863e-06
R_EX_protrpthr_e	7.262603978236415e-06
R_EX_serargala_e	7.810777577849787e-06
R_EX_serargtrp_e	5.5255623921286745e-06
R_EX_sercysarg_e	5.978339823870665e-06
R_EX_serglyglu_e	6.214107746930347e-06
R_ARGSERSERr	-5.471336579725844e-06
R_ARGTYRVALr	-5.990228696645811e-06
R_ARGVALTRPr	-6.126101590921834e-06
R_ASNCYSCYSr	-8.32452406484066e-06
R_ASNMETPROr	-7.958437872334495e-06
R_ASNPHEASPr	-6.701921727032822e-06
R_ASNPHECYSr	-7.689135930574048e-06
R_ASNTYRGLYr	-6.9006680105052065e-06
R_ASNTYRPHEr	-6.809629598709954e-06
R_ASNTYRTHRr	-7.351622052849394e-06
R_ASPASNGLUr	-6.459181121923341e-06
R_ASPGLUr	-8.298020627330038e-06
R_ASPLYSHISr	-5.606874689347008e-06
R_CYSGLNMETr	-7.291861216462275e-06
R_CYSGLUHISr	-6.49464603475966e-06
R_GLNHISHISr	-5.95150074196929e-06
R_GLNHISLYSr	-5.81485136049581e-06
R_GLNPROGLUr	-6.4967122281565926e-06
R_GLNTRPGLUr	-6.095623127852501e-06
R_GLNTYRLEUr	-6.454406309804733e-06
R_GLUARGLEUr	-5.8375384571623945e-06
R_GLUMETHISr	-6.3950202930790345e-06
R_GLUTHRr	-9.825579965615228e-06
R_GLUTRPALAr	-8.895042480493165e-06
R_GLYHISASNr	-6.921930998885634e-06
R_PE224_HSte	-1.2212735125173568e-06
R_EX_serphelys_e	5.968388098423483e-06
R_EX_sertrphis_e	5.996310593631843e-06
R_EX_thrargtyr_e	5.932930964219069e-06
R_EX_thrasntyr_e	7.351622052717555e-06
R_EX_thrglnglu_e	6.671133774168586e-06
R_EX_thrhishis_e	6.491849540646993e-06
R_EX_thrilearg_e	7.0550004762706675e-06
R_EX_thrmetarg_e	6.505467532311876e-06
R_EX_trpalapro_e	9.91425510023583e-06
R_EX_trpaspasp_e	5.747456105931192e-06
R_EX_trpgluleu_e	6.4939295060517654e-06
R_EX_trpglutyr_e	5.953029009696936e-06
R_EX_trpglyval_e	7.0900768941797865e-06
R_EX_trphismet_e	6.4990214945909175e-06
R_EX_trpmetarg_e	5.955128739586896e-06
R_EX_trpphe_e	9.127594565325192e-06
R_EX_trpprogly_e	3.5475414198182786e-06
R_EX_trpproleu_e	7.067015005197963e-06
R_EX_trpproval_e	7.3457195770530725e-06
R_EX_trpsertyr_e	5.979976508790202e-06
R_EX_trpthrglu_e	6.661335260588208e-06
R_EX_trpthrile_e	7.998084338638883e-06
R_EX_trpthrtyr_e	6.610266812801663e-06
R_EX_trpvalasp_e	6.576255988259561e-06
R_PCHOLN261_HSte	-7.190979791071861e-07
R_PCHOLN28_HSte	-7.190979791071861e-07
R_HDCECRNtr	7.11533426536945e-05
R_LNELDCCRNtr	7.115334265373266e-05
R_STCRNtr	7.11533426538298e-05
R_EX_sphmyln_hs_e	7.161482156459176e-07
R_XOLEST182tl	-1.997229749639562e-09
R_TMNDNCtl	-5.991689241979792e-09
R_XOLEST226tl	-1.9972296455561533e-09
R_CRVNCtl	-5.991688915851778e-09
R_BGLYtm	-1.2652424989656463e-08
R_GNCORE1te	-8.979889873361735e-09
R_GNCORE2te	-5.820972953651804e-09
R_LHCYSTIN	-6.298822470690579e-07
R_LHCYSTINt	6.298822478982558e-07
R_EX_Lhcystin_e	6.298822487274536e-07
R_MALOAAtm	-6.805772493216969e-05
R_EX_tyrala_e	1.429086233326396e-05
R_EX_tyralaphe_e	9.041611240552527e-06
R_EX_tyrargglu_e	5.390939419137181e-06
R_EX_tyrasparg_e	5.287289484175867e-06
R_EX_tyrcysgly_e	6.8084618108331385e-06
R_EX_tyrglu_e	8.45622340291119e-06
R_EX_valleuphe_e	7.522271049106161e-06
R_EX_vallystyr_e	6.3778539709132e-06
R_EX_valtrpphe_e	6.994475058304944e-06
R_EX_valtrpval_e	7.653637226313209e-06
R_EX_valval_e	1.184239461637579e-05
R_EX_trpglyasp_e	6.145308018498663e-06
R_ALAARGCYSt	-8.806473046665732e-06
R_GLNLYSLYSt	-5.683943116406402e-06
R_GLNLYSTRPt	-5.927283578312063e-06
R_GLULEUt	-9.496042920720694e-06
R_GLUTHRt	-9.82557996561306e-06
R_GLUTRPALAt	-8.895042480453266e-06
R_GLYHISASNt	-6.9219309988084385e-06
R_GLYHISLYSt	-5.986262781876479e-06
R_GLYLYSCYSt	-6.653529887101772e-06
R_GLYLYSPHEt	-6.224525319693981e-06
R_GLYTYRLYSt	-5.969979489589029e-06
R_HISARGCYSt	-5.9258842675723004e-06
R_HISARGSERt	-5.426868804969589e-06
R_HISCYSCYSt	-7.2381159639113395e-06
R_MLTHFtm	0.00014339526465888958
R_2MOPtm	5.8688078579900715e-05
R_URIK3	3.6546256034775126e-05
R_PSDm_hsc	9.13262229132808e-06
R_r2514e	3.351160573959039e-06
R_RE2675C2	2.4930572790383965e-06
R_3MOXTYRESSte	1.1049868301540866e-06
R_ADRNLtu	1.492261895871816e-06
R_AGPAT4	7.736490055414158e-06
R_BANDMT	1.739143132229934e-05
R_ACDO	2.9515429180553e-06
R_DKMPPD3_1	2.951542918249589e-06
R_DM_pe_hs_c	5.284599757238162e-07
R_SK_akg_c	1.0939375032815307e-05
R_SK_mi14p_c	8.926668000369675e-06
R_GTHOXti2	2.3806894445914384e-06
R_NORMETEVESSte	1.1047140241228492e-06
R_OROATP	4.706913367825624e-05
R_HISGLUt	-8.486777724111064e-06
R_HISGLUGLNt	-5.977228524208129e-06
R_HISHISLYSt	-5.6989955264071315e-06
R_HISLYSGLUt	-5.7227210966005054e-06
R_HISLYSTHRt	-6.33159552182504e-06
R_HISMETGLNt	-6.508386574060644e-06
R_HISPHEARGt	-5.577840434514616e-06
R_HISPROLYSt	-6.172998044942299e-06
R_HISTRPHISt	-5.9435624570661726e-06
R_ILEARGILEt	-7.523720859945685e-06
R_ILEASPt	-1.032446666933461e-05
R_ILEGLNGLUt	-7.0935975725158924e-06
R_ILETRPTYRt	-7.025559654128509e-06
R_LEUALAARGt	-8.577158795080447e-06
R_LEULEUTRPt	-7.074673950533544e-06
R_LEUSERTRPt	-6.525586671747054e-06
R_SK_band_c	-1.739143132229934e-05
R_Ht	-2.2625061568946198e-05
R_UGT1A10c	0.0001236759337327059
R_ACGALtr	2.5360066241129214e-05
R_CBPS	2.4330875613813585e-05
R_CO2t	-0.000539157196777832
R_DGK1	-0.00014293566630839416
R_ATPM	2.2210680549368533e-06
R_DPCOAK	2.7293850905080186e-06
R_ENO	0.0010849908900996408
R_EX_akg_e	1.0740060294264775e-05
R_EX_asn__L_e	-0.0001081073752139082
R_LEUTYRTYRt	-6.296068437597422e-06
R_SERPHELYSt	-5.96838809844907e-06
R_THRARGTYRt	-5.932930964277182e-06
R_THRASNTYRt	-7.351622052774367e-06
R_THRGLNGLUt	-6.671133774200245e-06
R_THRGLNTYRt	-6.619928183091393e-06
R_THRMETARGt	-6.5054675323669535e-06
R_THRTHRARGt	-6.636609729494293e-06
R_TRPALAPROt	-9.914255100281367e-06
R_TRPGLUPROt	-6.487377963380978e-06
R_TRPGLYLEUt	-6.8087181377247084e-06
R_EX_cgly_e	5.477375293577377e-05
R_EX_co2_e	0.0006927422654209384
R_EX_cytd_e	8.189708118333527e-07
R_EX_dad_2_e	8.431997378981204e-06
R_EX_dcyt_e	8.103359582720127e-07
R_EX_dgsn_e	8.244079167631785e-06
R_EX_duri_e	8.066395820877093e-07
R_EX_fum_e	8.040823481936243e-06
R_EX_glyphe_e	-3.3296022432238725e-09
R_EX_glypro_e	1.1272014379757472e-05
R_EX_h_e	0.0007612609368052303
R_EX_ile__L_e	-8.111067781050793e-05
R_EX_met__L_e	-0.00013074169148590345
R_EX_na1_e	-4.993693788341025e-09
R_TRPHISMETt	-6.499021494652934e-06
R_TRPILELYSt	-6.861600900454762e-06
R_TRPLYSt	-8.392915662537841e-06
R_TRPMETVALt	-7.398296764997165e-06
R_TRPPROGLYt	-3.5475414198143755e-06
R_TRPPROVALt	-7.345719577106849e-06
R_TRPTHRGLUt	-6.66133526062377e-06
R_TRPTYRTYRt	-5.911506884761098e-06
R_TYRALAPHEt	-9.041611240595028e-06
R_TYRARGGLUt	-5.3909394191605994e-06
R_TYRARGSERt	-5.413313451467592e-06
R_TYRCYSGLYt	-6.80846181089342e-06
R_TYRCYSTHRt	-7.2482867107181645e-06
R_TYRTHRt	-9.724686477762673e-06
R_TYRTRPPHEt	-6.1613628032186445e-06
R_TYRTYRt	-8.378067815243296e-06
R_GLYHISLYSr	-5.98626278194847e-06
R_GLYLYSCYSr	-6.653529887171161e-06
R_EX_ppi_e	5.262209179179855e-06
R_EX_pro__L_e	-0.000130371345081131
R_EX_ser__L_e	-0.00018914661112560613
R_EX_so4_e	6.958816781588162e-06
R_EX_val__L_e	-0.00010807467379976912
R_FBA	0.00027376564277975524
R_EX_gua_e	0.00012103892215964418
R_NDPK7	7.247914612965381e-05
R_NDPK8	4.852205121165867e-05
R_NDPK9	5.1830830609445044e-05
R_NNDPR	1.2481244076739673e-06
R_NTD1	2.2857971757744844e-06
R_PGI	5.610167569265745e-05
R_PGK	-0.0011399382458293361
R_PGL	0.00011204927100058604
R_HISARGCYSr	-5.925884267649062e-06
R_HISARGSERr	-5.4268688050203295e-06
R_HISASPr	-8.251485387297114e-06
R_HISCYSCYSr	-7.23811596399504e-06
R_HISGLNALAr	-8.858781208539307e-06
R_HISGLYLYSr	-5.98626278194847e-06
R_HISLYSALAr	-8.348187646636113e-06
R_HISLYSGLUr	-5.722721096633465e-06
R_HISMETr	-9.506015087187847e-06
R_HISPHEARGr	-5.577840434579234e-06
R_HISPROLYSr	-6.172998045003014e-06
R_ILEASNHISr	-7.884097405964907e-06
R_ILEASPr	-1.0324466669358462e-05
R_ILESERARGr	-6.3481102599467765e-06
R_PMANM	-5.3534592989762375e-05
R_PNP	0.00044257472927407976
R_PPA	9.94079023496075e-06
R_PPCDC	2.408071851010135e-06
R_PPM	0.000567454552791391
R_PPNCL3	1.2105970935566424e-06
R_PRO1x	1.7200502175354445e-08
R_LEUALAARGr	-8.577158795142897e-06
R_LEUASNASPr	-7.03406140508539e-06
R_LEUTRPr	-9.706265019161081e-06
R_LEUTRPARGr	-5.9252794621066085e-06
R_LEUVALr	-1.122294305436547e-05
R_LYSARGLEUr	-3.2082914921058303e-06
R_LYSGLNPHEr	-6.040389699292492e-06
R_LYSGLUGLUr	-5.746632045687539e-06
R_LYSPHEILEr	-7.009982370194401e-06
R_LYSTYRILEr	-6.694538006189743e-06
R_LYSVALTRPr	-6.5305900260187455e-06
R_METARGLEUr	-6.3451131382605275e-06
R_PSERT	6.391007680695004e-05
R_PSP_L	2.063418016071475e-05
R_PUNP2	8.948350730451915e-05
R_PUNP4	9.90612306459096e-05
R_RBFK	6.5741844947030115e-06
R_RNDR1	0.00021931872179771494
R_RPI	0.00029899639531561634
R_SPMS	1.6192423127933675e-05
R_SPODM	4.101448016907705e-07
R_TKT2	0.0001971025479045596
R_METGLNTYRr	-6.489384914848406e-06
R_METGLYARGr	-6.142829911529035e-06
R_METHISLYSr	-6.2112456136673155e-06
R_METMETILEr	-8.518844992835145e-06
R_METTRPPHEr	-6.776969074574063e-06
R_PHEASNMETr	-7.554116881226813e-06
R_PHEASPr	-8.680857396293346e-06
R_PHEGLNPHEr	-6.44068753896318e-06
R_TMDK1	5.709688061100726e-06
R_LDH_L	-0.00018044218990864724
R_PHEPHEr	-9.374049571516524e-06
R_LGTHL	8.900544844978042e-05
R_PHEPHEASNr	-7.135197075097688e-06
R_PHETHRLYSr	-6.596325509911766e-06
R_MI3PP	2.4284400810398177e-05
R_NTD3	2.3676188677657084e-06
R_FBA4	4.311288932856705e-06
R_ORNDC	8.707292915979825e-06
R_PHETA1	2.4152435354557467e-05
R_PIt7	-2.4611937891797983e-05
R_PYDAMK	5.95451023614052e-06
R_TYRTA	3.593332750005673e-05
R_PYDXtr	-4.367353368510407e-05
R_EX_4hbz_e	9.90370054317416e-06
R_EX_34dhpha_e	1.715256177370339e-08
R_PHETRPLEUr	-6.739105958410846e-06
R_PHETYRr	-8.852031528675669e-06
R_PHETYRGLNr	-6.169849821584944e-06
R_PHETYRLYSr	-5.900163990955887e-06
R_PROARGASPr	-5.712173309233015e-06
R_PROASNCYSr	-8.106633403337504e-06
R_PROCYSr	-1.0967699495365024e-05
R_PROGLULYSr	-6.200534074490838e-06
R_PROTRPLYSr	-6.298741515187861e-06
R_SERARGALAr	-7.810777577922645e-06
R_SERARGTRPr	-5.52556239221888e-06
R_SERPHELYSr	-5.968388098485933e-06
R_THRARGTYRr	-5.932930964350908e-06
R_THRGLNGLUr	-6.671133774251853e-06
R_THRHISHISr	-6.49184954079271e-06
R_THRPHEARGr	-6.1845011820049756e-06
R_THRSERARGr	-6.001865259647188e-06
R_THRTHRARGr	-6.636609729573223e-06
R_TRPARGALAr	-7.915150204668847e-06
R_EX_ppa_e	3.5578508086470118e-06
R_UGLT	-7.106404075309103e-05
R_URCN	4.736806783092421e-08
R_DCMPDA	-7.781359077291272e-05
R_EX_lcts_e	2.0227714611041614e-06
R_FTHFLi	2.6960710705452307e-06
R_ACALDt	-0.00029701715189858757
R_EX_sucr_e	-3.3296017956652157e-09
R_AACOAT	1.331361170840012e-06
R_EX_pheme_e	1.0256849262389733e-06
R_GLNt4	4.028101219735736e-05
R_MTRI	7.37818501076945e-06
R_TRPASPASPr	-5.747456106052623e-06
R_TRPGLNGLNr	-6.199320531804359e-06
R_TRPGLUGLYr	-6.282929714263724e-06
R_TRPGLULEUr	-6.493929506117685e-06
R_TRPGLUPROr	-6.487377963420443e-06
R_TRPGLYLEUr	6.808718137803205e-06
R_TRPGLYPHEr	6.468058406396832e-06
R_TRPHISMETr	-6.499021494733165e-06
R_TRPILELYSr	-6.86160090052762e-06
R_TRPMETVALr	-7.398296765073059e-06
R_TRPPROGLYr	3.5475414198252175e-06
R_TRPPROLEUr	-7.067015005315924e-06
R_TRPTHRGLUr	-6.661335260674944e-06
R_TRPTHRTYRr	-6.61026681294738e-06
R_TRPTYRTYRr	-5.911506884836992e-06
R_TRPVALASPr	-6.57625598838793e-06
R_TYRALAPHEr	-9.04161124065661e-06
R_CE2537ABCt	1.564578288752727e-06
R_CE7082UPKt	3.4005424845925947e-06
R_CE7172UPKt	3.4111974565043113e-06
R_DIGALSGALSIDEte	9.072315658997798e-07
R_NRVNCABCt	2.295683409730964e-06
R_PAIL_hs_SECt	5.979367613383885e-06
R_PAILPALM_HSSECt	2.166176771945666e-06
R_PCHOLAR_HSABCt	4.780012410610102e-06
R_PCHOLHEP_HSABCt	4.780012410610102e-06
R_PCHOLMYR_HsABCt	4.780012410610102e-06
R_PCHOLN15_HSABCt	4.780012410610102e-06
R_PCHOLN1836_HSABCt	4.780012410610102e-06
R_PCHOLN19_HSABCt	4.780012410610102e-06
R_PCHOLN201_HSABCt	4.780012410610102e-06
R_PCHOLN204_HSABCt	4.780012410610102e-06
R_PCHOLN205_HSABCt	4.780012410610102e-06
R_PCHOLN264_HSABCt	4.780012410623979e-06
R_PCHOLSTE_HSABCt	4.780012410623979e-06
R_PE12_HSABCt	5.175798769380124e-06
R_TYRARGGLUr	-5.390939419196161e-06
R_TYRASPARGr	-5.287289484286889e-06
R_TYRCYSGLYr	-6.808461810971916e-06
R_TYRLEUARGr	-5.797500733754901e-06
R_TYRPHETYRr	-6.024049249434699e-06
R_TYRTHRr	-9.724686477793898e-06
R_TYRTRPPHEr	-6.1613628032919365e-06
R_VALARGGLYr	-6.32404998082009e-06
R_VALHISASNr	-7.460926913310795e-06
R_VALLYSTYRr	-6.377853971020753e-06
R_VALPHEARGr	-6.24640678709501e-06
R_VALSERARGr	-6.0604118012237695e-06
R_VALTRPPHEr	-6.994475058433314e-06
R_VALVALr	-1.1842394616407015e-05
R_EX_homoval_e	1.5690888062410563e-05
R_GLYCLTtm	-3.3786647508741996e-06
R_TYMc	1.0399578825603245e-05
R_DOPAc	2.3275837466911475e-05
R_PCHOL2PALM_HSte	-7.190979791071861e-07
R_Pe13_HSABCt	4.993745334233579e-06
R_PE15_HSABCt	5.175798769380124e-06
R_PE226_HSABCt	4.993745334219701e-06
R_PEDH203_HSABCt	4.993745334219701e-06
R_PELPALM_HSABCt	4.993745334219701e-06
R_PEOLE_HSABCt	4.993745334219701e-06
R_SPHMYLN18114_hs_SECt	1.0227147070607234e-06
R_SPHMYLN18115_hs_SECt	1.0227147070607234e-06
R_SPHMYLN18116_hs_SECt	1.0227147070607234e-06
R_SPHMYLN181161_hs_SECt	1.0227147070607234e-06
R_SPHMYLN181181_hs_SECt	1.0227147070607234e-06
R_SPHMYLN181201_hs_SECt	1.0227147070607234e-06
R_SPHMYLN18121_hs_SECt	1.0227147070607234e-06
R_SPHMYLN18122_hs_SECt	1.0227147070607234e-06
R_SPHMYLN181221_hs_SECt	1.0227147070607234e-06
R_SPHMYLN1825_hs_SECt	1.0227147070607234e-06
R_3AIBt1	0.00021633979576841586
R_APRGSTRNt1e	1.901795477513707e-05
R_PAFt	4.4387478484522735e-06
R_PCHOL2LINL_HSt1e	4.155498399136676e-06
R_PCHOL2OLE_HSt1e	4.155498399136676e-06
R_XOLEST183te	1.058188162268714e-06
R_CORE4t	-8.316841233063643e-09
R_CORE7t	4.297335950041031e-05
R_DST_ANTIGENt	-5.3632004462511595e-09
R_GALAMtr	0.0
R_MK10t	0.0
R_MK11t	0.0
R_S2L2N2M2Mt	5.162230823363423e-09
R_EX_core7_e	-7.90030786970708e-09
R_EX_core8_e	-7.900302703700568e-09
R_EX_gncore2_e	-7.90033037254001e-09
R_EX_mqn10_e	-4.993693774463237e-09
R_EX_mqn11_e	-4.993693774463237e-09
R_EX_mqn9_e	-4.993693774463237e-09
R_EX_s2l2n2m2m_e	-7.57466862150169e-09
R_EX_sTn_antigen_e	-1.01970396050588e-08
R_EX_lpam_e	-9.611499988265715e-09
R_EX_pa_hs_e	2.1282652934745405e-05
R_DM_mqn11_c	-4.993693774463237e-09
R_DM_galam_c	-4.993693774463237e-09
R_DM_C02712_c	3.1385166094674566e-05
R_F1Ate	7.040084570170135e-07
R_F1Ate2	-6.990023975680937e-07
R_34HPLtm	-1.0862162860652419e-05
R_3HPPtm	-2.8129545264939104e-06
R_PGP_hs_tm	-7.05669558790506e-07
R_C02592tx	-1.0911866275484239e-06
R_PROSTGE2t2r	-1.6311451980135366e-05
R_PROSTGE2t2m	9.141778120587765e-05
R_ESTRr	3.0650945857108036e-07
R_LTHSTRLtr	5.527938190842685e-07
R_SK_11_cis_retfa_c	-7.03431089332518e-05
R_SK_C02528_c	-2.461778344065718e-05
R_SK_HC02191_c	-3.335656031150033e-05
R_SK_HC02192_c	1.1506918327595927e-06
R_SK_HC02194_c	3.454034943036616e-05
R_PCHOL2STE_HSt1e	4.155498399136676e-06
R_PCHOLAR_HSt1e	4.155498399136676e-06
R_PCHOLDOC_HSt1e	4.155498399136676e-06
R_PCHOLEIC_HSt1e	4.155498399136676e-06
R_PCHOLMYR_Hst1e	4.155498399136676e-06
R_PCHOLN19_HSt1e	4.155498399136676e-06
R_PCHOLN203_HSt1e	4.155498399136676e-06
R_PCHOLN204_HSt1e	4.155498399136676e-06
R_PCHOLN205_HSt1e	4.155498399136676e-06
R_PCHOLN224_HSt1e	4.155498399136676e-06
R_PCHOLN2254_HSt1e	4.155498399136676e-06
R_PCHOLN264_HSt1e	4.155498399136676e-06
R_PCHOLOLE_HSt1e	4.155498399136676e-06
R_PEPALM_HSt1e	4.155498399136676e-06
R_PCHOLPALME_HSt1e	4.155498399136676e-06
R_Pe13_HSt1e	4.004061360154965e-06
R_PE17_HSt1e	4.151048958452724e-06
R_PE203_HSt1e	4.151048958449255e-06
R_PE2LINL_HSt1e	4.151048958449255e-06
R_PEDH203_HSt1e	4.004061360154965e-06
R_PELINL_HSt1e	4.004061360154965e-06
R_PEOLE_HSt1e	4.004061360154965e-06
R_TRYPTAte	3.0366430441089443e-06
R_SELMETHte	2.2291936379509325e-05
R_CE7090te	3.5740171369647022e-06
R_CE7096te	4.640281839746185e-06
R_CE1447te	1.2844831755454145e-06
R_C05769te3	4.324693391448305e-06
R_C05770te4	1.0441406256258754e-05
R_MLTHFte3	2.1084272627329773e-05
R_CE2705t	-2.0990254577107903e-06
R_MMAte	-1.8265086737697918e-06
R_TYMte	-7.914947064324891e-07
R_HDD2CRNte2	2.201067820635505e-05
R_SK_HC02196_c	-1.3047761165674299e-06
R_SK_HC02220_c	-3.55050372971219e-06
R_SK_chol_c	-0.0001843373089248819
R_SK_cholate_c	-0.0008551858728446313
R_SK_coa_c	0.0004720270675472073
R_FBA2	5.938348494605172e-06
R_FBP	2.2282764432154933e-06
R_FCLT	9.99830871220575e-07
R_FEROc	1.417720197713834e-06
R_FMNAT	4.858904954302412e-06
R_FT	5.670369193945882e-05
R_FUM	-0.0003419387530618906
R_G3PD1ir	1.0275250454876367e-05
R_G6PDH2r	1.2677827767829108e-05
R_GALt2_2	-7.602298067712547e-08
R_GAPD	0.0011583439836097137
R_GF6PTA	9.940468099141342e-05
R_GHMT2r	0.00015633318213123526
R_GLNS	3.5063409710850424e-06
R_GLYPHEHYc	-6.471388008660872e-06
R_MLTHFte1	2.323542693263847e-06
R_CE1918te	-1.713949637988846e-08
R_EX_CE4969_e	2.7467071133241427e-06
R_NACCYStm	1.72719413158752e-05
R_EX_CE1310_e	1.727194131594459e-05
R_AGMt_m	-1.3851341470437484e-06
R_4HBZte	9.903700543135996e-06
R_EX_sucsal_e	1.0056351291341109e-05
R_EX_CE7081_e	3.8052791550419185e-06
R_EGMEtr	-5.380454404929624e-09
R_EGMEte	-1.0760908823737036e-08
R_EX_egme_e	-1.036044677132919e-08
R_EX_12harachd_e	1.595421749402831e-06
R_18HARACHDtr	4.985684578032168e-08
R_SQLter	-1.3863978906951402e-06
R_EX_sql_e	2.7140378175069535e-07
R_ORN_Dtx	8.62009435587674e-05
R_EX_orn__D_e	-5.828895782711285e-09
R_5G2OXPTtx	-7.482060752211916e-09
R_EX_melatn_e	2.691844149665945e-08
R_GMAND	2.4035103052474915e-05
R_GMPS2	1.016123435712557e-06
R_GTPCI	1.2966717352520807e-05
R_HEX1	3.235679985225115e-06
R_ILETA	2.0613797088328122e-05
R_INSt2	-2.7315371725687536e-08
R_L_LACt2r	-0.000277499903337336
R_MAN6PI	-6.177032770431946e-05
R_MTHFC	-0.00010795896967382215
R_MTHFD	5.959028693339197e-06
R_NADK	2.1815237198213877e-06
R_NAt3_1	0.0002598258410097115
R_NDPK1	7.290369735295926e-05
R_NDPK3	6.943761950480715e-05
R_NDPK5	5.056515742965506e-05
R_UMPK	0.00018535832538046915
R_EX_6hoxmelatn_e	2.673720553639236e-08
R_C10164te	1.0443275127482166e-06
R_EX_CE4890_e	1.6044585589292115e-06
R_C05769te2	3.4343477632661767e-06
R_EX_C05767_e	4.755006905582393e-07
R_C05770te3	9.128709875107222e-06
R_EX_mhista_e	3.015614450724985e-06
R_EX_13dampp_e	1.442946104712739e-06
R_EX_mma_e	1.978931640510967e-06
R_EX_ametam_e	1.25716210366833e-06
R_XYLULte	5.852311563782353e-06
R_EX_xylu__L_e	5.852311563765006e-06
R_EX_xylu__D_e	5.2945084693840905e-06
R_CE0737te	1.0405966836997405e-06
R_EX_sphings_e	6.918580607626068e-06
R_HDD2CRNte	2.2004460972058215e-05
R_EX_sphgn_e	3.6942616750655632e-06
R_EX_N1aspmd_e	2.119805896205751e-06
R_UPP3S	4.944103806032996e-06
R_UPPDC1	4.4686031185348085e-06
R_URIt2	-3.0349352624931415e-08
R_r0082	1.262320930491001e-05
R_PPNCL2	1.1974747569018507e-06
R_FPGS_1	4.185970261777472e-06
R_EX_ala__L_e	-2.8647960742443634e-05
R_ALAt2r	1.1921279891243669e-05
R_EX_his__L_e	-0.00010409526937075683
R_NTD4	2.3026192914610277e-06
R_NTD5	3.647980924115224e-06
R_NTD6	0.00016376207744173144
R_NTD7	0.00013316546484248848
R_C13856te	9.44256592350784e-07
R_EX_1a25dhvitd3_e	-3.3296029162965812e-09
R_PRISTte	-8.822550662257456e-09
R_CE2049te	2.9144494302010826e-06
R_EX_fdp_e	2.749294214940412e-06
R_EX_coke_e	-4.604638368516101e-09
R_COKEte	-7.841853937040622e-10
R_5A2OPNTNtx	-7.48206042955335e-09
R_EX_HC00006_e	-8.485215103465338e-09
R_EX_HC00007_e	-8.485215103465338e-09
R_EX_HC00008_e	-8.485215103465338e-09
R_EX_HC00009_e	-7.431041153943552e-09
R_DOPASULT4	1.2373516752595126e-06
R_UDPG4DOPA	1.331193386883145e-06
R_NTD8	0.00014757684054717002
R_NTD9	4.75714270055938e-05
R_NTD11	1.9749465976465208e-05
R_NADS2	3.0436760144886277e-06
R_GUAt	-0.00012103892215967194
R_ADPRDP	3.488388406219789e-06
R_CATr	4.142257623759166e-05
R_S2L2N2M2Mtl	2.7497930252251557e-09
R_DM_k_g	-4.993693819566047e-09
R_DM_na1_r	-4.993693767524343e-09
R_DM_na1_c	-4.993693784871578e-09
R_DM_retn_n	9.119786359739618e-06
R_DM_hhxdcal_c	4.847245212175749e-06
R_DM_15HPET_x	1.0987290836317332e-06
R_ALCD1	-7.958636362867533e-06
R_MK8t	0.0
R_GLYCK	1.9137395610309936e-06
R_ABUTD	4.210176862223802e-06
R_AGDC	5.104261943139621e-06
R_CYTK2	0.00015473863168238844
R_EX_acgam_e	-9.674782933122295e-09
R_EX_cit_e	1.1320999406910087e-05
R_EX_csn_e	-4.993702056033111e-09
R_EX_etha_e	2.4580628341028254e-05
R_EX_fol_e	5.9161952147591956e-05
R_EX_galt_e	2.3254292971640333e-05
R_DM_15HPET_r	1.337807847865552e-06
R_SK_Ser_Gly_Ala_X_Gly_r	-3.248718955696506e-05
R_EX_CE5026_e	9.6749436492502e-07
R_EX_5cysgly34dhphe_e	7.044462806450602e-07
R_EX_CE1261_e	1.1595695396104944e-06
R_EX_gm1_hs_e	3.1350721522299674e-08
R_EX_gm2_hs_e	-2.7299469594621595e-09
R_EX_gm1b_hs_e	7.864811347318978e-09
R_EX_gd1b_hs_e	1.8177502312394234e-08
R_HMR_0003	-5.97738494811928e-09
R_HMR_0008	-5.984922110853497e-09
R_HMR_0017	-5.856474430410152e-09
R_EX_glcr_e	4.904961400688246e-06
R_EX_glcur_e	1.5861069377277187e-05
R_EX_hxan_e	0.00013111061127794865
R_EX_malt_e	-8.88077690205935e-09
R_EX_malthx_e	-5.732336914171521e-09
R_EX_thm_e	1.2468309269472733e-05
R_EX_trp__L_e	-0.00017942247877443876
R_EX_ura_e	9.191357776515419e-07
R_EX_xan_e	4.6396534905207565e-05
R_EX_xyl__D_e	6.009250209181027e-06
R_FACOAL161	1.2980972640616595e-06
R_G6PDA	6.150875036206593e-06
R_GALKr	2.349204411083994e-06
R_HMR_0019	4.547623897903884e-05
R_HMR_0156	-5.115577888159181e-09
R_FA40COAtm	4.984006437865063e-05
R_HMR_0165	-5.1765237953343285e-09
R_HMR_0167	-6.153880142627244e-06
R_HMR_0170	-3.6602956776654594e-10
R_HMR_0171	-5.1765258724488505e-09
R_HMR_0176	-2.693816561184781e-06
R_HMR_0177	8.115223631892246e-06
R_HMR_0586	2.2029919034827206e-09
R_HMR_0182	-5.507316579514421e-08
R_HMR_0185	-2.9045963308160783e-09
R_HMR_0191	4.411325529370125e-06
R_HMR_0192	2.454633272530593e-06
R_HMR_0193	2.4521373859012763e-06
R_FACOAE140	9.701701357323761e-06
R_HMR_0201	2.9220507021567033e-06
R_GLUPRT	2.476123512347439e-06
R_GLXO1	3.828703523944821e-06
R_GLYOX	3.4012734961286206e-06
R_GPDDA1	3.0302854948753566e-06
R_HEX7	2.6690762096603926e-06
R_HISDr	6.966549875569083e-06
R_HXPRT	2.4651049787688395e-06
R_HYXNt	-0.0001311106112779764
R_LDH_D	-1.7110924117320187e-05
R_MTHFD2i	-0.0001139367559378629
R_EX_mvlac_e	5.237487144224562e-05
R_TIGGLYc	3.018735371388475e-06
R_TIGGLYtm	3.0187353714690446e-06
R_HMR_0204	1.6812808605326524e-06
R_HMR_0207	6.226755385772831e-06
R_HMR_0209	1.5994175447398007e-06
R_HMR_0211	6.85107875575755e-06
R_FACOAE161	1.9709113297051994e-05
R_HMR_0233	1.6504604806732992e-06
R_HMR_0234	4.750857367008532e-06
R_HMR_0239	2.2105741883183053e-06
R_HMR_0290	3.3666585893682432e-06
R_HMR_0291	5.235255319193874e-06
R_HMR_0293	1.2218028882515775e-06
R_EX_tiggly_e	3.0187353715523113e-06
R_TD2GLTRCOAm	1.2196264663390938e-05
R_3HGLUTCOAm	1.2196264663595635e-05
R_3OHGLUTACtm	1.2196264663859313e-05
R_3OHGLUTACte	1.2196295995491047e-05
R_EX_3ohglutac_e	1.2196264663984213e-05
R_GLUTCONtm	8.91521166323031e-06
R_GLUTCONte	8.915211663341333e-06
R_EX_glutcon_e	8.915211663393374e-06
R_3HIVActm	1.8444909022329037e-05
R_EX_3hivac_e	1.844490902237067e-05
R_3OHSEBACx	1.5137691435108958e-06
R_3OHSEBACtxc	1.5137691437398793e-06
R_3OHSEBACte	1.513769143892535e-06
R_EX_3ohsebac_e	1.5137691439723322e-06
R_3OHSUBCOAx	1.4720808720752876e-06
R_HMR_0296	3.6132974854871658e-06
R_HMR_0297	1.8066842307207231e-06
R_HMR_0298	3.8116187767514575e-06
R_HMR_0299	5.618232031399072e-06
R_HMR_0300	3.479347109675013e-06
R_HMR_0301	1.728011246149297e-06
R_HMR_0307	6.17642128326705e-06
R_HMR_0308	4.411455102305839e-06
R_HMR_0309	2.454824087505525e-06
R_HMR_0310	2.4519471700894246e-06
R_HMR_0311	4.406206535092182e-06
R_HMR_0317	2.2113081288776745e-06
R_HMR_0321	2.211746224653477e-06
R_HMR_0323	1.581443736742294e-06
R_HMR_0326	4.412296980560448e-06
R_3OHSUBACtxc	1.4720808725922352e-06
R_3OHSUBACte	1.4720808727552992e-06
R_EX_3ohsubac_e	1.472080872831627e-06
R_CAPROICc	1.3055110323685615e-05
R_EX_5ohhexa_e	5.563103118236268e-06
R_7OHOCTAc	-6.0257308864830605e-09
R_7OHOCTAte	-8.393754011293275e-09
R_EX_7ohocata_e	-9.182488932418797e-09
R_ETHMALCOAc	4.516769562279768e-05
R_ETHMALACc	1.989343797005258e-05
R_ETHMALACte	1.9893437970101152e-05
R_HEXGLYc	3.0968732177345865e-06
R_METHSUCCOAc	2.5274257652713877e-05
R_METHSUCCte	2.52742576527e-05
R_EX_methsucc_e	2.5274257652720816e-05
R_SUBGLYte	8.696143269891488e-07
R_4OHBUTm	3.3760259549923954e-05
R_4OHBUTtce	3.376025955003498e-05
R_HMR_0327	2.4560839586018623e-06
R_HMR_0328	2.4506927298294234e-06
R_HMR_0343	2.2111558455311514e-06
R_FACOAE1839Z12Z15Z	6.038643988657416e-06
R_HMR_0359	2.211983550395001e-06
R_HMR_0362	4.117757591647064e-06
R_HMR_0363	2.2445798402029662e-06
R_HMR_0366	4.3808559689433035e-06
R_HMR_0370	2.45242172451296e-06
R_HMR_0374	2.4501165599294383e-06
R_HMR_0375	2.2105733871371352e-06
R_HMR_0378	4.575440124311714e-06
R_HMR_0380	3.4304331348114503e-06
R_HMR_0382	4.378807340797708e-06
R_HMR_0385	1.5430560050821995e-06
R_HMR_0387	7.475547904312908e-06
R_HMR_0388	3.965232773656124e-06
R_HMR_0389	2.05474428888186e-06
R_HMR_0808	3.2983862251201312e-06
R_HMR_0812	9.394052341571424e-07
R_HMR_0815	9.268108379562913e-06
R_HMR_0816	7.799597369901115e-06
R_HMR_0819	3.706934981230481e-06
R_3AIBSYMPt	-0.00020549650409391884
R_C14771UPKt	3.7441014913083825e-06
R_CE1243UPKt	3.979717449097836e-06
R_SPHMYLN18118_hs_ATPt	6.962051195061325e-07
R_SPHMYLN181181_hs_ATPt	6.962051195061325e-07
R_SPHMYLN181201_hs_ATPt	6.962051195061325e-07
R_SPHMYLN18122_hs_ATPt	6.962051195061325e-07
R_SPHMYLN181221_hs_ATPt	6.962051195061325e-07
R_SPHMYLN18123_hs_ATPt	6.962051195061325e-07
R_SPHMYLN1824_hs_ATPt	6.962051195061325e-07
R_SPHMYLN1825_hs_ATPt	6.962051195061325e-07
R_THEXDDm	3.156824924827051e-06
R_THEXDDtm	3.156824924574242e-06
R_THEXDDte	3.156824924129692e-06
R_HEXDTRm	3.7597689487023356e-06
R_HPDECEtm	-9.741114047497317e-09
R_HPDECEte	-9.868510005700548e-09
R_EX_hpdece_e	-9.910613874702934e-09
R_5EIPENCm	4.016241122950515e-06
R_5EIPENCtm	4.016241122763368e-06
R_EX_5eipenc_e	4.016241122471731e-06
R_ANDRSTNDNte	5.55710069769812e-07
R_ANDRSTANDRte	5.304571745624995e-07
R_CE2209te	4.574043013111655e-07
R_C05299te	3.3797192156855655e-07
R_C05302te	3.3845910516619253e-07
R_HMR_0820	2.8735576679123076e-06
R_HMR_0821	2.220184991852392e-06
R_HMR_0828	3.0498040918258695e-06
R_HMR_0829	7.1746872947232865e-06
R_HMR_0831	4.476616725184596e-06
R_HMR_0835	3.0104654012499954e-06
R_HMR_0842	4.129184310551481e-06
R_HMR_0844	3.804167016535631e-07
R_HMR_0848	7.48389639622718e-07
R_HMR_0849	2.972351130552109e-06
R_HMR_0851	1.0210440489597135e-06
R_HMR_0854	7.034380705120587e-08
R_HMR_0859	5.669474482914577e-06
R_HMR_0860	1.8435169985026728e-06
R_HMR_0864	1.8435169980984822e-06
R_HMR_0867	1.1283223473147004e-06
R_HMR_0878	7.259285002003679e-07
R_HMR_0889	2.563347200942173e-06
R_HMR_0906	1.4346443271383291e-06
R_HMR_0908	1.434644325821674e-06
R_HMR_0909	1.4346443253585028e-06
R_HMR_0913	2.3943200268411458e-06
R_PGESc	0.00010086847980314562
R_HMR_1737	2.3832694215734918e-06
R_HMR_1739	7.005981196674625e-08
R_HMR_1741	-9.928428961443274e-09
R_HMR_1742	7.005980868669325e-08
R_HMR_1743	-9.925165808248307e-09
R_HMR_1749	-9.801198522924048e-09
R_HMR_1750	7.248934232734205e-08
R_CE5072te	7.949703989405983e-07
R_11DOCRTSTRNte	1.249426374198224e-06
R_PRGNLONEte	5.802897326933471e-07
R_17AHPRGNLONEte	4.146543992714655e-07
R_PRGNLONESte	5.822683831047234e-07
R_MMAt2e	1.5242296673002815e-07
R_CE2006te	1.0809040190129515e-05
R_N8ASPMDte	9.98906216243098e-07
R_CE4890te2	-2.7060660041298935e-09
R_C09642te	5.836656595131309e-07
R_EX_5g2oxpt_e	-9.143656609644779e-09
R_EX_andrstndn_e	5.557100700645523e-07
R_EANDRSTRNtr	9.899062255389057e-07
R_EX_eandrstrn_e	9.899062257227864e-07
R_ESTRONEte	2.857254479890492e-07
R_EX_C05298_e	3.416189391473867e-07
R_EX_C05301_e	3.4139858498885567e-07
R_EX_CE5072_e	7.949703991691481e-07
R_EX_11docrtstrn_e	1.2494263743577372e-06
R_EX_CE2211_e	5.842763120128547e-07
R_EX_17ahprgstrn_e	5.789249880837344e-07
R_HC02020te	1.3184025057955129e-05
R_EX_HC02020_e	1.318402505795166e-05
R_XOL24OHtr	5.5718317720186705e-06
R_XOL27OHte	4.069136901194842e-05
R_HMR_1751	-9.579422099309509e-09
R_HMR_1752	7.248934048853517e-08
R_HMR_1754	7.248933900361187e-08
R_HMR_1760	7.248933785522493e-08
R_HMR_1761	-9.45247710312791e-09
R_HMR_1764	-2.057161484970982e-06
R_HMR_1766	6.261921508751711e-08
R_HMR_1769	3.641420501427923e-08
R_HMR_1770	2.534780779323671e-08
R_HMR_1807	-1.610477229713192e-06
R_HMR_1834	0.00029382163024206306
R_HMR_1847	3.3368634296149224e-05
R_HMR_1928	6.199080684307217e-06
R_HMR_1941	8.394899487391622e-07
R_HMR_1948	5.848078602789237e-07
R_HMR_1967	1.3041454952691527e-06
R_HMR_1970	1.3041454953004522e-06
R_HMR_1976	5.005531981960853e-07
R_HMR_1979	2.56483064117059e-06
R_HMR_1988	5.073489262699443e-07
R_HMR_1989	3.019712410304487e-08
R_EX_xol27oh_e	4.069136901194842e-05
R_XOL25OHtr	4.34313219297329e-05
R_EX_dsmsterol_e	1.847828132509749e-06
R_CHSTEROLSte	1.3404530136283677e-05
R_3ITYR_Lte	-2.543856344322526e-09
R_35DIODTYRte	8.172802365424836e-11
R_13_CIS_RETNte	9.332162381733844e-06
R_CE1617te	8.99032231898092e-06
R_EX_CE1617_e	8.990322319078065e-06
R_IDL_HSSYN	9.364150970976592e-06
R_IDL_HSDEG	9.368376868611888e-06
R_HDL_HSSYN	3.1345340662986e-05
R_EX_34dhoxmand_e	1.7016678812570296e-08
R_FNA5MOXAMte	2.8367550277547116e-08
R_EX_fna5moxam_e	2.8367553566582826e-08
R_CE5643te	1.0322613111513057e-09
R_EX_CE5643_e	-4.4790312708764546e-09
R_EX_CE7085_e	4.658865043083438e-06
R_CE1401te	1.5382198101376865e-06
R_EX_CE1401_e	1.5382198104221811e-06
R_EX_glucys_e	2.3852582204594852e-06
R_TYRDOPOX	1.3906270617311585e-06
R_DOPA4SFt	1.2373516759360548e-06
R_EX_dopa4glcur_e	1.3311933867096726e-06
R_EX_dopa3glcur_e	1.3311933867096726e-06
R_DOPACHRMDC	3.809222022071318e-06
R_CE5026t	3.567396408818424e-06
R_CYSGLYPTASEe_1	1.8954557641365222e-06
R_CE1261t	-7.358862245260278e-07
R_HMR_1990	3.763231706826629e-08
R_HMR_1991	6.903973910015566e-08
R_HMR_2288	-8.565235354307532e-09
R_HMR_2292	2.6913784843957123e-06
R_HMR_2293	1.3208278623430547e-05
R_HMR_2295	2.646408598983019e-06
R_HMR_2334	1.0391227618707088e-05
R_HMR_2338	1.039122762201694e-05
R_HMR_2345	1.0685891421197136e-05
R_HMR_2349	6.712939171486104e-06
R_HMR_2355	4.287776741360855e-06
R_HMR_2356	4.287776741260241e-06
R_HMR_2362	6.215379200917581e-06
R_HMR_2363	6.2153792011604425e-06
R_HMR_2376	7.108164558628297e-05
R_HMR_2403	-8.306231896737515e-09
R_HMR_2433	3.697653279760571e-06
R_HMR_2434	3.6976532804960938e-06
R_HMR_2436	3.6976532811205942e-06
R_HMR_2440	1.2744169773187667e-05
R_HMR_2472	9.325648724245461e-06
R_HMR_2484	9.480438200870633e-07
R_HMR_2495	1.3124132755178153e-06
R_HMR_2670	-4.5892703631755793e-07
R_HMR_2671	-4.5704252661649125e-07
R_HMR_2675	1.7704516672156778e-08
R_HMR_2679	3.9593179482905194e-07
R_HMR_2684	1.0088841428945727e-09
R_HMR_2685	8.756249822439166e-10
R_HMR_2686	2.760134107382406e-09
R_HMR_2688	-4.1834337489998763e-07
R_HMR_2689	-4.164588652683099e-07
R_HMR_2690	4.748689531181016e-07
R_HMR_2691	4.7298444352111835e-07
R_HMR_2693	4.879709781385744e-07
R_HMR_2695	4.860864683195465e-07
R_DOPAOQNOX	1.427326891276226e-06
R_NADPQNOXR	2.9334968598887512e-05
R_NADQNOXR	6.434690584491976e-05
R_DACT	-8.930186950620311e-05
R_DACGST	2.675276024969968e-06
R_TYRDHINDOX	8.863857962352306e-07
R_EX_5cysdopa_e	1.223100090715079e-06
R_CE2172t	6.251975088709949e-07
R_ACER11r	1.05899929946085e-06
R_ACER21g	1.0541268894576072e-06
R_ACER22g	2.4090341932056503e-06
R_ACER31r	3.1222434976729135e-06
R_BGAL1l	4.514612511372085e-06
R_CRMte	-1.1093413228649429e-07
R_EX_gluside_hs_e	6.805044969367124e-07
R_GA1tl	6.167576227511518e-08
R_GALGLUSIDEtg2	3.8754844454626236e-05
R_GD3tg	-2.703731152159383e-09
R_GLUSIDEte	4.845041880325099e-05
R_GLUSIDEtl	2.636128412936839e-06
R_GM2tl	-2.729947073953909e-09
R_HEXAHBl	6.167575924975743e-08
R_NEU11l	4.511882563219133e-06
R_NEU22	1.732855796919092e-08
R_NEU310e	8.234593241313037e-08
R_NEU31e	-5.4676863574937284e-09
R_NEU33e	8.07744330866278e-08
R_NEU36e	1.1119537590524586e-07
R_NEU39e	7.448111766575338e-08
R_SMSn	2.7791560668621873e-06
R_SPHK11	6.226856238065494e-06
R_SPHK21n	3.835923182553616e-06
R_SPHMYLNtl2	9.376690706299623e-06
R_SPMD3n	2.7791560677401742e-06
R_RE3477C1	4.065011280008149e-05
R_WHTSTSTERONEtr	-1.6089374284267155e-08
R_TETTET6COAtm	-2.985336635823871e-06
R_TETPENT6COAtm	-2.9873906533667283e-06
R_DAG_HStg	4.170133883846239e-06
R_HMR_2697	-4.842019585143964e-07
R_HMR_2699	-9.934826265670105e-06
R_HMR_2701	9.926313947160315e-06
R_HMR_2702	-3.2330054253668083e-05
R_HMR_2703	-5.744838274618358e-06
R_HMR_2707	-5.427897781677682e-06
R_HMR_2708	4.458671336859954e-07
R_HMR_2709	-4.4398262383227305e-07
R_HMR_2712	-5.080653427566584e-06
R_HMR_2713	5.078768918004295e-06
R_HMR_2715	-9.612566507943149e-05
R_HMR_2718	1.3451817156007184e-07
R_HMR_2727	-6.810052953776236e-07
R_HMR_2733	5.197040968130118e-07
R_HMR_9665	1.4059753175969802e-06
R_HMR_2986	3.330868926398889e-06
R_HMR_2989	3.330868926398889e-06
R_HMR_2990	3.330868926398889e-06
R_HMR_2998	3.330868926398889e-06
R_HMR_3001	3.330868926398889e-06
R_HMR_3002	3.330868926398889e-06
R_HMR_3003	3.330868926398889e-06
R_HMR_3018	-6.916684923592709e-09
R_HMR_3053	3.3652776610174073e-07
R_HMR_3056	-8.442140458919667e-09
R_HMR_3058	7.903710823173836e-06
R_HMR_3064	4.749839317724769e-06
R_HMR_3065	4.749839318640703e-06
R_HMR_3066	5.876689764913734e-06
R_HMR_3068	5.876689766273757e-06
R_HMR_3069	5.876689766787235e-06
R_ACOAO8p	1.3661083697089071e-05
R_HMR_3076	1.3661083697061316e-05
R_HMR_3094	1.5705038586305564e-05
R_HMR_3095	1.5705038586288217e-05
R_HMR_3098	9.219731423107391e-06
R_HMR_3100	1.398656596546255e-05
R_HMR_3107	5.7429537667352815e-06
R_HMR_3108	5.742953767512438e-06
R_HMR_3109	5.74295376812306e-06
R_HMR_3110	5.742953768622661e-06
R_HMR_3112	5.338834003110193e-06
R_HMR_3230	1.3456861602950676e-05
R_PHCRMtg	3.104612740008339e-06
R_SPHGNtn	3.0868936699048055e-06
R_EX_gd1a_hs_e	-3.3296079504641085e-09
R_DHCRMter	2.4215733934601635e-06
R_PHSGPL11c	4.8472452121549325e-06
R_EX_34dhpe_e	5.176443537546413e-05
R_DM_no2_c	-7.906278725461346e-09
R_DM_gm1_hs_n	1.0844610726784554e-06
R_DM_6hddopaqn_c	1.4273268912172454e-06
R_GALSIDEter	-1.373823662158269e-06
R_Rtotaltg	-6.567773822852008e-06
R_GD1Atg	2.0912989270871485e-08
R_HMR_0241	2.4569461528622938e-06
R_HMR_0242	2.4498357253897873e-06
R_HMR_0245	2.4569596992485288e-06
R_HMR_0247	4.404797520654938e-06
R_HMR_0253	2.070392021824574e-06
R_HMR_0255	1.6433942603422125e-06
R_HMR_0257	6.484307273132463e-06
R_HMR_0261	2.2140358709290056e-06
R_HMR_0278	4.411455102062978e-06
R_HMR_0279	2.454824087116947e-06
R_HMR_0281	4.406206535332441e-06
R_HMR_0287	2.2046886726818232e-06
R_HMR_0810	3.4846046988714838e-06
R_HMR_0390	3.0418741763620083e-06
R_HMR_0395	5.222886111805498e-06
R_FACOAE1836Z9Z12Z	5.316855574255541e-06
R_HMR_0406	4.504744381579606e-06
R_HMR_0414	2.910270508488938e-06
R_HMR_0418	2.452403259026875e-06
R_HMR_0419	2.2105760839972316e-06
R_HMR_0422	2.4499140453444757e-06
R_HMR_0428	3.7899456808154763e-06
R_HMR_0431	5.24834372941322e-06
R_HMR_0432	3.3059819202277407e-06
R_HMR_0435	6.528901580470439e-06
R_HMR_0436	3.8400787662901115e-06
R_HMR_0438	3.2767229275476595e-06
R_HMR_0439	5.157425135512289e-06
R_HMR_0467	-3.733200170553605e-05
R_G3PD2	-1.3282886037249361e-05
R_G3PD	5.203846759518904e-06
R_HMR_0942	9.95219082422505e-07
R_HMR_0946	9.95219082422505e-07
R_HMR_0950	8.437627878055132e-07
R_HMR_0954	8.437627878055132e-07
R_HMR_0962	9.892000426718617e-06
R_HMR_0963	9.892000426725556e-06
R_HMR_0979	1.543221135390932e-06
R_HMR_0981	3.5008190207329922e-06
R_HMR_0987	1.098729083164442e-06
R_HMR_1104	-1.407316507262904e-05
R_HMR_1126	2.1700003045579345e-06
R_HMR_3231	1.3456861602895165e-05
R_HMR_3232	1.3456861602811898e-05
R_HMR_3233	1.3456861602728631e-05
R_HMR_3235	1.1929610394173507e-05
R_HMR_3236	1.192961039409024e-05
R_HMR_3237	1.1929610393979218e-05
R_HMR_3242	9.243845952161545e-06
R_HMR_3245	6.679434665701756e-06
R_HMR_3246	6.679434665562978e-06
R_HMR_3296	8.630828715008865e-06
R_HMR_3322	5.537337595631908e-06
R_HMR_3326	9.83717294469888e-06
R_HMR_3327	9.837172946110077e-06
R_HMR_3329	9.837172948792827e-06
R_HMR_3330	5.063588638491712e-06
R_HMR_3331	5.063588639651374e-06
R_HMR_3334	5.063588642509331e-06
R_HMR_3337	5.063588644410588e-06
R_HMR_3341	5.0635886454375445e-06
R_HMR_3344	1.2552698471876567e-05
R_HMR_3348	1.2552698471834933e-05
R_HMR_3350	1.25526984717933e-05
R_HMR_3352	1.2552698471779422e-05
R_HMR_3396	-9.027809982214974e-09
R_HMR_3397	-9.025347032232123e-09
R_HMR_3406	5.260129910533706e-07
R_HMR_3522	-1.054037830627852e-08
R_HMR_3627	3.330868926468278e-06
R_HMR_3628	3.330868926468278e-06
R_HMR_3629	3.330868926468278e-06
R_HMR_3631	3.330868926468278e-06
R_HMR_3633	3.330868926468278e-06
R_HMR_3635	3.330868926468278e-06
R_HMR_3642	3.330868926468278e-06
R_HMR_3645	3.330868926468278e-06
R_HMR_3646	3.330868926468278e-06
R_HMR_3648	3.330868926468278e-06
R_HMR_3649	3.330868926468278e-06
R_HMR_3651	3.330868926468278e-06
R_HMR_3652	3.330868926468278e-06
R_HMR_3653	2.7766051882746612e-05
R_HMR_3654	3.330868926468278e-06
R_HMR_3655	3.330868926468278e-06
R_HMR_3659	3.330868926468278e-06
R_HMR_3660	3.330868926468278e-06
R_HMR_3663	3.330868926468278e-06
R_HMR_3668	3.330868926468278e-06
R_HMR_3669	3.330868926468278e-06
R_HMR_3677	3.330868926468278e-06
R_HMR_3678	3.330868926468278e-06
R_HMR_3679	3.330868583228952e-06
R_HMR_3680	3.330868926468278e-06
R_HMR_3684	3.3308689264439917e-06
R_HMR_3687	3.330868926442257e-06
R_HMR_3689	3.3308689264439917e-06
R_HMR_3690	3.330868926442257e-06
R_HMR_3692	3.330868926442257e-06
R_HMR_9669	-4.297710116251546e-05
R_HMR_6632	3.4426736004178338e-06
R_HMR_6647	2.0245396080698953e-05
R_HMR_6728	4.3232589490852435e-06
R_HMR_6729	3.6733545572274974e-06
R_HMR_1129	-7.07222247528505e-07
R_HMR_1135	-2.4839730595332954e-05
R_HMR_1243	-1.6401142574132277e-06
R_HMR_1280	-6.69063000986736e-06
R_HMR_1283	1.4073165072705368e-05
R_HMR_1307	1.009632411000383e-05
R_HMR_1316	3.93505183110647e-05
R_HMR_1317	3.936562962477547e-05
R_HMR_1318	-2.731870003215911e-05
R_HMR_1321	-6.886191014439727e-05
R_HMR_1329	-3.287424180879045e-06
R_HMR_1332	-1.7915155502631896e-06
R_HMR_1390	4.823920485272359e-06
R_HMR_1477	1.0727295767232192e-06
R_HMR_1478	1.072729578902032e-06
R_HMR_1490	1.9431248448886773e-06
R_HMR_1493	1.9431248464985007e-06
R_HMR_1494	1.9431248479556684e-06
R_HMR_1495	9.816394870021394e-07
R_HMR_1504	1.9431248531043277e-06
R_HMR_1509	1.9431248542908786e-06
R_HMR_1516	1.9431248551582403e-06
R_HMR_1532	5.6489368818982144e-05
R_HMR_1540	2.4287146642987256e-06
R_HMR_1544	1.5745782226822547e-06
R_HMR_1545	1.5745782243475892e-06
R_HMR_1546	1.5745782259157792e-06
R_HMR_1548	1.5745782287329702e-06
R_HMR_1552	1.5745782327158953e-06
R_HMR_1557	3.3228587804912113e-07
R_LTHSTRLOR	3.2985215617231667e-07
R_HMR_1565	0.00017052458404867576
R_HMR_1620	1.304903094100085e-06
R_HMR_1623	3.6542591613161757e-06
R_HMR_1651	6.737613797436204e-08
R_HMR_1665	1.1422127563363166e-05
R_HMR_1681	2.0987875149584834e-06
R_HMR_1685	4.053957232744154e-05
R_HMR_1701	-6.327832344339701e-05
R_HMR_1735	3.627624899342095e-06
R_HMR_1992	9.27606450135403e-08
R_HMR_1993	2.3071614984967967e-08
R_HMR_2002	-1.9595328837086756e-06
R_HMR_2007	4.435198552966502e-07
R_HMR_2011	1.8571641573202747e-08
R_HMR_2014	2.5787352777660832e-06
R_HMR_2087	0.00010128794408477415
R_HMR_2114	1.0337176138689591e-05
R_HMR_2127	-3.4375346272541574e-06
R_HMR_2190	3.3797972937565923e-06
R_HMR_2217	1.0555442303779305e-05
R_HMR_2219	1.0555442307061402e-05
R_HMR_2259	9.921779624694205e-06
R_HMR_2261	9.917036325302053e-06
R_HMR_2262	9.914664675453322e-06
R_HMR_2263	9.932874458884466e-06
R_HMR_2264	9.930502809472885e-06
R_HMR_2265	9.928131159984976e-06
R_HMR_2266	9.925759510365229e-06
R_HMR_2267	-8.56148760219888e-09
R_HMR_2269	-1.0089791203926612e-08
R_HMR_2281	9.245093244916736e-06
R_HMR_3520	-9.202854045035902e-07
R_HMR_2530	8.099460250599044e-06
R_HMR_2535	8.099460251393548e-06
R_HMR_2537	8.099460251542734e-06
R_HMR_2540	4.902192271283301e-06
R_HMR_2543	4.9021922718384126e-06
R_HMR_2558	2.540351604499863e-05
R_HMR_2571	-3.941120468212156e-06
R_HMR_2585	3.5740171372145024e-06
R_HMR_2602	2.621206668772247e-05
R_HMR_2608	1.0693021227040078e-05
R_HMR_2610	-1.069679024620629e-05
R_HMR_2611	8.436588827875902e-06
R_HMR_2613	-5.195786422773629e-07
R_HMR_2622	1.5272512084232859e-06
R_HMR_2635	-8.18151439465481e-06
R_HMR_2644	7.016279273498738e-06
R_HMR_6747	2.6932347093767267e-06
R_HMR_6755	-3.620421643035776e-07
R_HMR_6782	2.0442110047987072e-05
R_4CMCOAS	4.342369046402006e-06
R_HMR_6786	4.342369046676092e-06
R_HMR_6826	1.207496096703245e-06
R_HMR_6834	-1.2075453772130394e-06
R_HMR_6838	1.2049767999372518e-06
R_HMR_6839	2.4095295689877116e-06
R_HMR_6844	7.993823150902885e-07
R_HMR_6874	2.9353244229961154e-06
R_HMR_6910	4.943634083348636e-07
R_HMR_6977	-1.0011637754936409e-08
R_ICITt_x	-6.546475009513997e-06
R_HMR_6989	2.3287792268653266e-06
R_HMR_7180	-8.414695232272784e-09
R_HMR_7181	-9.36209652857567e-09
R_HMR_7184	-5.098519800794676e-09
R_HMR_7198	-2.5097072538685095e-05
R_HMR_7255	6.7839592624019396e-09
R_HMR_7278	1.9029166298881184e-06
R_HMR_7328	-6.6686426380968555e-09
R_HMR_7329	-8.69715897351411e-09
R_HMR_7330	-9.456693268738992e-09
R_HMR_7432	6.404394725979118e-06
R_HMR_7437	-5.338127842535734e-09
R_HMR_7469	-7.497381965260175e-09
R_HMR_7628	6.681538884972804e-06
R_PMI12346PS	6.755448696119104e-06
R_HMR_7715	2.1245211561729538e-06
R_HMR_7724	3.2567455553779434e-06
R_HMR_7727	1.6355862012613215e-05
R_HMR_7755	3.447913978067013e-06
R_HMR_7757	-1.6739658344755437e-06
R_HMR_7758	4.862962408563876e-06
R_HMR_7903	-1.4595683056239234e-05
R_HMR_7947	-1.5143574196147674e-05
R_HMR_7949	-2.0241334201268057e-05
R_HMR_8056	-7.317159208403146e-09
R_HMR_8084	1.3308899317367173e-06
R_HMR_8086	1.4059753175241219e-06
R_HMR_8287	4.0569668115964656e-07
R_HMR_8397	1.3846558338942438e-06
R_HMR_8399	1.2007546942504818e-06
R_LALDO2	3.992376605217729e-05
R_HMR_8505	2.141793099978695e-06
R_HMR_8510	1.091900263770415e-05
R_ID3ACALDtm	2.436247855359258e-06
R_HMR_8571	-9.271605583109632e-09
R_HMR_8572	-8.708012680727628e-09
R_HMR_8573	-9.760978734486836e-09
R_HMR_8574	-9.798891457361153e-09
R_HMR_8575	-9.86051630147769e-09
R_HMR_8576	-1.0737572021194547e-08
R_HMR_8578	-1.2467391526278793e-08
R_HMR_8582	-8.880776962774672e-09
R_HMR_8585	1.3324487716936603e-05
R_HMR_8590	-2.5526190224056666e-09
R_7DHCDCHOLabc	2.3021391214461673e-06
R_CA24GSc	3.312766079500738e-08
R_CA24Gte	4.903334704930984e-08
R_CA3St	1.5421998980237996e-06
R_CDCA24GSc	4.1223437154298825e-06
R_CDCA24GSr	2.9995907780376585e-06
R_CDCA24Gtr	-2.9995907778884723e-06
R_CDCA3GSc	3.265615520760978e-06
R_CDCA3GSr	2.67675696780071e-06
R_CDCA3Gte	2.653502240768102e-06
R_CDCA3Gtr	-2.6767569676310055e-06
R_DCA24GSc	3.7387043742056607e-06
R_DCA24Gte	2.5987205697908244e-06
R_DCA24Gtr	-1.985952529030832e-06
R_DCA3GSc	3.738704374205715e-06
R_DCA3Gte	2.5987205697908244e-06
R_DCA3Gtr	-1.985952529030832e-06
R_DCASULT	3.45551583928854e-08
R_DM_12dhchol_c	-4.993693757116002e-09
R_DM_3dhcdchol_c	1.4134635081333724e-06
R_DM_3dhchol_c	1.2955125182380345e-06
R_DM_3dhlchol_c	1.4121527191039707e-06
R_DM_cdca24g_c	4.210452803202203e-06
R_DM_cdca3g_c	3.2888702474788423e-06
R_DM_coprost_c	-4.993693757116002e-09
R_DM_dca3g_c	3.12593633333344e-06
R_HDCA24GSc	1.1748532979458104e-06
R_HDCA24GSr	1.0574641215524427e-06
R_HMR_2650	8.076814231317009e-09
R_HMR_2651	-2.3876815524737083e-09
R_HMR_2653	8.069131578192223e-09
R_CARN180t_m	3.1912922313359626e-06
R_HMR_2659	-5.260129911088818e-07
R_HMR_2661	2.5625267765228e-06
R_VACCCPT2	-2.564411286189172e-06
R_HMR_2667	1.4191546614784889e-05
R_HMR_2669	4.608115460186246e-07
R_HMR_2955	3.330868926398889e-06
R_HMR_2956	3.330868926398889e-06
R_HMR_2962	3.330868926398889e-06
R_HMR_2964	3.330868926398889e-06
R_HMR_2966	3.330868926398889e-06
R_HMR_2968	3.330868926398889e-06
R_HMR_2969	3.330868926398889e-06
R_HMR_2971	3.3308689263433777e-06
R_HMR_2976	3.330868926398889e-06
R_HMR_2977	3.330868926398889e-06
R_HMR_2979	3.330868926398889e-06
R_HMR_2980	3.330868926398889e-06
R_HMR_2982	1.1734416877628995e-06
R_HMR_3117	3.194110273324613e-05
R_ACOADH160_m	7.702896533789971e-06
R_ACOADH120_m	6.93750020591688e-06
R_HMR_3149	7.790944019980817e-06
R_ACOADH60_m	7.170076677118567e-06
R_HMR_3171	9.921570647719591e-06
R_HMR_3173	9.916827347994372e-06
R_HMR_3175	9.885867212455768e-06
R_HMR_3177	9.881123912258705e-06
R_HMR_3178	-8.486546021480024e-09
R_HMR_3179	-9.473123591119403e-09
R_HMR_3180	-1.005833774603282e-08
R_HMR_3181	-1.0827516772060619e-08
R_HMR_3182	-8.807341272953906e-09
R_HMR_3183	-9.463088868066905e-09
R_HMR_3186	-9.797672756439724e-09
R_HMR_3187	-9.735811073996459e-09
R_HMR_3188	-9.547645618557254e-09
R_HMR_3194	8.105313851952678e-06
R_HMR_3196	8.105313853173923e-06
R_HMR_3197	8.105313853673524e-06
R_HMR_3198	8.10013732878423e-06
R_HMR_3199	8.10013732921444e-06
R_HMR_3201	8.100137329880575e-06
R_HMR_3202	8.094960806660084e-06
R_HMR_3219	5.4278977833222e-06
R_HMR_3223	5.425137651116074e-06
R_HMR_3224	5.425137651338119e-06
R_HMR_3491	3.1368961365060843e-06
R_HMR_3411	4.1645886517116537e-07
R_HMR_3422	2.873941888914544e-07
R_HMR_3423	3.9975511989531753e-07
R_HMR_3424	4.709646013179025e-07
R_HMR_3429	4.5748306953807827e-07
R_HMR_3446	3.579067811940173e-06
R_HMR_3447	3.5790678122316066e-06
R_HMR_3451	6.525743558888353e-06
R_HMR_3452	3.081941557403489e-06
R_HMR_3454	3.081941557292467e-06
R_HMR_3455	-3.0819415572092e-06
R_HMR_3698	3.3308689264439917e-06
R_HMR_3699	3.330868926442257e-06
R_HMR_3701	3.330868926442257e-06
R_HMR_3704	3.330868926442257e-06
R_HMR_3705	3.3308689264439917e-06
R_HMR_3706	3.3308689264439917e-06
R_HMR_3707	3.330868926442257e-06
R_HMR_3711	3.330868926442257e-06
R_HMR_3717	3.330868926442257e-06
R_HMR_3718	3.3308689264439917e-06
R_HMR_3721	3.057448638645911e-05
R_HMR_3724	3.330868926442257e-06
R_HMR_3726	3.330868583197727e-06
R_HMR_3729	3.3308689264439917e-06
R_HMR_3737	3.330868926442257e-06
R_HMR_3738	3.330868583197727e-06
R_HMR_3740	3.3308689264439917e-06
R_HMR_3741	3.3308689264439917e-06
R_ARGDr	4.817955834460902e-06
R_HMR_3859	7.318840624832845e-06
R_HMR_3864	1.2624378225065125e-05
R_HMR_3867	-9.708480626490629e-06
R_HMR_3953	-2.1894066037125154e-05
R_HMR_3996	-3.442047123170325e-05
R_SMOX	2.287625019813805e-06
R_CYTDK2	3.364999815019809e-05
R_NADS1	6.052755022875264e-06
R_NADDP	1.3911353249802805e-06
R_NADS1n	5.3460662069841625e-06
R_THRA	1.0416292454233644e-05
R_HMR_4422	0.00010087489159670004
R_HMR_4702	1.234555513443536e-06
R_PPPGO2_1	1.586166141542833e-06
R_BILIRED2	1.0827038734173566e-06
R_HMR_4771	-4.49386946765884e-07
R_PROAKGOX1	5.686069948898642e-06
R_HMR_4777	3.601383555276727e-06
R_HMR_4782	1.023755363777773e-05
R_HMR_4783	5.559163134168099e-06
R_HMR_4831	-3.476355620035676e-09
R_HMR_4955	-5.363200442781713e-09
R_HDCA6GSr	1.0429271245149176e-06
R_HDCA6Gte	1.2889950463668143e-06
R_HYOCHOLabc	2.331965625934629e-06
R_HYOCHOLtr	2.0134606603244842e-06
R_ICDCHOLabc	2.3021391214461673e-06
R_ICDCHOLt	-2.024978855544898e-06
R_ISOCHOLabc	2.3021391214461673e-06
R_ISOCHOLt2	4.327117977006976e-06
R_LCA24GSc	4.109269058711479e-06
R_LCA24GSr	2.9949610781086766e-06
R_LCA3GSc	3.2590327234691206e-06
R_LCA3Gte	2.6510258567258305e-06
R_LCA3Gtr	-2.6732856716442377e-06
R_LCA3Sabc	1.5602280348248065e-06
R_LCA3St	1.542168418239058e-06
R_LCASULT	3.4518258095952396e-08
R_M02155tr	2.10039124619657e-06
R_TCA3Sabc	1.5602277870785386e-06
R_TCA3St	1.5421692616725217e-06
R_TCDCASULT	3.4515830807598635e-08
R_TDCASULT	3.451698128431263e-08
R_THYOCHOLt2	4.199860951491094e-06
R_TUDCA3Sabc	1.560228394315022e-06
R_3HPVShc	-4.484143381155818e-09
R_3HPVSthc	-2.125264871740925e-07
R_3HSMVACIDteb	-9.726327052789197e-09
R_3ISPVStep	-2.4307206536698656e-06
R_3ISPVSthc	-2.1254096533527547e-07
R_3MEACMPhc	-8.757056541713881e-09
R_3OHACMPhr	-6.606423925276106e-09
R_3OHACMPtev	-6.951928401000007e-09
R_4BHGLZABCt	2.2190726690109186e-06
R_4HATVACIDOXDhc	-6.4605441283185905e-09
R_4HATVACIDteb	2.1956374520455506e-06
R_4HATVACIDtep	-2.4165114271244847e-06
R_4HATVACIDthc	-2.1265450225694746e-07
R_4HATVLAChc	2.4528578965697656e-06
R_4HATVLACteb	2.195637452045117e-06
R_4HATVLACtep	-2.416511427412449e-06
R_4HATVLACthc	-2.1265450225458932e-07
R_4HMDGLUCtev	-8.409512745888303e-09
R_4HMDZGLUChr	-6.845189563830026e-09
R_4OHMDZhr	-6.8718808992783084e-09
R_4OHMDZtev	-2.1551231563221585e-09
R_56DHPVSteb	2.2171410891756033e-06
R_56EPPVShc	-6.4731526401382445e-09
R_56EPPVSteb	2.2171414854089966e-06
R_5OHFVSGLUtev	-8.025130022321081e-09
R_6AHGLZtev	-2.2255253526413943e-06
R_6BHGLZGLCABCt	2.2190706783810354e-06
R_6BHGLZGLChr	-7.381948968765428e-09
R_6BHGLZGLCtev	-2.2277475592059892e-06
R_6BHGLZhr	-4.397866072182455e-09
R_6BHGLZtev	-2.222576991704056e-06
R_6CSMVhep	-6.843319000880699e-09
R_6EPSteb	2.216954232761581e-06
R_6EPVStep	-2.4349642437707097e-06
R_6EPVSthc	-2.1250705692181775e-07
R_6HMSMVACIDteb	-9.665971016648012e-09
R_6HSMVACIDteb	-9.117616831672004e-09
R_6HSMVhep	-8.477401092742143e-09
R_6MELVACtbc	-1.0058770568159483e-08
R_ATVLAChr	2.9548669136097994e-06
R_ATVLACtu	1.934094092483383e-06
R_Am19CStev	-2.229549824893373e-06
R_CARIBUP_SGLUhep	-8.009233654765469e-09
R_CARIBUP_Sthv	-5.089163361560178e-09
R_CRGLZtev	-2.2277475665126445e-06
R_CRVS1tev	-2.2259853349713976e-06
R_CRVSATPtu	2.2185018418770935e-06
R_CRVSM1SPhc	-9.31529650638474e-09
R_CRVSM1hr	2.960683204183967e-06
R_CRVSM1teb	2.2164531839116014e-06
R_CRVSM23teb	2.2164531838994583e-06
R_CRVSM24tev	-2.2275753981219892e-06
R_CRVStu	-4.7313959486428026e-09
R_CRVSthc	-2.015305077073e-12
R_CSASULPhc	-3.3930856353781014e-09
R_CSASULPteb	2.219073440772046e-06
R_CSASULPtev	-2.224663809287375e-06
R_CSAtu	1.9342290285451647e-06
R_CVM23GLUChc	2.956380787906554e-06
R_CYSACMPAChc	-7.491636443146543e-09
R_DESFVShc	-5.7978372945731785e-09
R_DHGLZtev	-2.2246442483650486e-06
R_DSPVShc	-2.814497967170771e-09
R_DSPVStev	-2.2235416358186433e-06
R_EPOXTAChr	-4.764165929815878e-09
R_EX_12htacr_e	-8.260148013500279e-09
R_EX_1331tacr_e	-1.2112286444654341e-08
R_EX_14hmdz_e	-1.0328237015633235e-08
R_EX_1531tacr_e	-1.2112286444654341e-08
R_EX_15dmt_e	-5.8491712064123735e-09
R_EX_1hibup__S_e	-7.1949472942034465e-09
R_EX_1hmdgluc_e	-9.191674334857458e-09
R_EX_1ohmdz_e	-6.071855636335943e-09
R_EX_2hatvacid_e	-7.194800109855404e-09
R_EX_2hatvlac_e	-7.194800238224941e-09
R_EX_2hatvlacgluc_e	-9.813806611108644e-09
R_EX_2hibup__R_e	-8.579572233213817e-09
R_EX_2hibup__S_e	-7.1949472942034465e-09
R_EX_35dhpvs_e	-8.190546310626878e-09
R_EX_3hibup__S_e	-5.779453818299807e-09
R_EX_3hibupglu__S_e	-9.133408890305006e-09
R_EX_lstnm4_e	-9.348045292706386e-09
R_EX_lstnm5_e	-8.359513945649377e-09
R_EX_lstnm7_e	-8.359519881873112e-09
R_HMR_4964	1.2067011098501612e-05
R_HMR_5249	4.407963064017445e-05
R_HMR_5409	-3.3296017297457237e-09
R_FE2utm	1.3164062435261359e-06
R_HMR_6359	2.3645179388853633e-06
R_HMR_6363	2.3516540652212734e-06
R_HMR_6364	2.3684831642157306e-06
R_HMR_6397	-5.703028230219509e-09
R_FADRx2	3.4306398305983254e-05
R_CLHCOtex	3.570344736616125e-05
R_HMR_6550	6.044343580181855e-06
R_MITKP	2.699170805772408e-06
R_ITKPK	2.8174345634568443e-06
R_MI3PS	2.150284194589458e-05
R_HMR_6595	5.943102129285505e-06
R_HMR_6611	2.550377073765042e-06
R_HMR_6617	-1.621166463901258e-05
R_HMR_6619	1.621166463901258e-05
R_HMR_8761	-5.445534898007587e-09
R_HMR_8776	3.119751205635235e-08
R_HMR_9019	2.793078141837685e-06
R_HMR_9174	9.984331347800968e-10
R_HMR_9177	2.216401499353926e-06
R_HMR_9178	-1.935767458660642e-06
R_HMR_9179	8.619845234905665e-05
R_HMR_9185	2.2898349882893854e-16
R_HMR_9191	4.354274042578377e-06
R_HMR_9583	8.185905501163272e-06
R_HMR_9584	8.185905501166199e-06
R_HMR_9602	3.596633069723052e-06
R_HMR_9603	2.6581057783203483e-06
R_HMR_9613	8.592477182428745e-06
R_HMR_9615	3.687059230605318e-06
R_HMR_9620	1.458758123713999e-06
R_HMR_9621	1.7799028938721533e-06
R_HMR_9627	2.531017545871414e-05
R_HMR_9629	4.268195011758458e-06
R_HMR_9630	1.997229312489246e-09
R_HMR_9634	-1.1721037735529238e-07
R_HMR_9639	1.9594801372695148e-06
R_HMR_9652	1.5690912137388685e-05
R_HMR_9657	4.102602655448734e-06
R_HMR_9658	-1.997229312489246e-09
R_HMR_9662	-4.297918048567356e-05
R_DM_hdca6g_c	9.059689071548582e-07
R_DM_hyochol_c	6.452976109329323e-07
R_DM_isochol_c	-4.9936937467076614e-09
R_DM_lca3s_c	1.791159055797298e-08
R_DM_tca3s_c	1.7910510772406463e-08
R_DM_tdca3s_c	1.7910923622715957e-08
R_DM_tudca3s_c	1.7913157058374596e-08
R_EX_3dhcdchol_e	1.360512569603678e-06
R_EX_3dhdchol_e	1.414207202090484e-06
R_EX_7dhchol_e	-4.993693795279919e-09
R_EX_cdca3g_e	2.6535022410525966e-06
R_EX_dca24g_e	2.598720570037155e-06
R_EX_dca3g_e	2.598720570037155e-06
R_EX_gca3s_e	1.8059020168159634e-08
R_EX_gcdca3s_e	1.8059942524101258e-08
R_EX_gdca3s_e	1.808953149079473e-08
R_EX_gudca3s_e	1.8061207352620956e-08
R_EX_hca24g_e	1.2458469382387038e-06
R_EX_hca6g_e	1.2465191620604499e-06
R_EX_hyochol_e	6.36454921057461e-07
R_EX_isochol_e	-4.993693788341025e-09
R_EX_lca24g_e	2.9080472542519775e-06
R_EX_lca3s_e	1.8059616427312797e-08
R_EX_tcdca3s_e	1.805833516055344e-08
R_EX_uchol_e	-4.993693784871578e-09
R_EX_udca3s_e	1.8062986772982015e-08
R_GCA3Sabc	1.5602278994331087e-06
R_GCDCA3St	1.5421681661940368e-06
R_GCDCASULT	3.451887582528388e-08
R_GDCA3Sabc	1.5602348273913158e-06
R_GDCASULT	3.4574934618297856e-08
R_GUDCA3Sabc	1.5602283960913788e-06
R_GUDCA3St	1.5421671885264778e-06
R_HCA24GSc	1.1030196435809169e-06
R_HCA24Gte	1.2458469380027815e-06
R_HCA6GSc	1.1038105325202171e-06
R_HCA6GSr	1.006996386469192e-06
R_UCHOLt2	4.327117977007112e-06
R_UDCASULT	3.452464313014346e-08
R_UDCHOLt2	3.2546929571776483e-06
R_12HTACRhr	-3.0906640131282e-09
R_12HTACRtu	2.2190725935608557e-06
R_1331TACRtev	-7.134217099025175e-09
R_14MDZtev	-1.0688846762557658e-08
R_1513TACRtep	-2.2296132125981805e-06
R_1531TACRhr	-6.5183998823603595e-09
R_1531TACRteb	-7.134218136389814e-09
R_15DMTtep	-2.2207849940704405e-06
R_1HIBUPGLUC_Sthv	-8.854566895671878e-09
R_1HIBUP_SGLUhep	-7.740216315110793e-09
R_1HMDZGLUChc	8.409512745888303e-09
R_1OHMDZhr	-6.871880899169888e-09
R_1OHMDZtep	-2.1551231563221585e-09
R_2HATVLAChc	2.4520528922010454e-06
R_2HATVACIDGLUChr	-7.93162740347908e-09
R_2HATVACIDGLUCteb	-9.451717899230244e-09
R_2HATVACIDhc	2.453663859543209e-06
R_2HATVACIDteb	2.1956407356437703e-06
R_2HATVACIDtep	-2.412728349769633e-06
R_2HATVLACteb	2.1956407356433366e-06
R_2HATVLACtep	-2.4127283499777996e-06
R_2HIBUP_Rthv	-7.175813738352632e-09
R_2HIBUP_SGLUhep	-7.740216311641346e-09
R_2HIBUP_Sthv	-4.404079032016561e-09
R_35DSMVhep	-6.40747287866672e-09
R_35DSMVteb	-9.083851924135411e-09
R_3HIBUP_SGLUhep	-6.6114204076705985e-09
R_3HLVSTAChep	-8.834983043770617e-09
R_3HPVSTETCOAhcm	-7.007723262786314e-09
R_3HPVSTETCOAhcx	-7.007723457075343e-09
R_6MSMVhep	-9.366769910916506e-09
R_6OHFVSGLUhc	-6.074079895307394e-09
R_6OHFVSteb	-8.930075429125495e-09
R_7AHGLZABCt	2.2190726690109186e-06
R_7AHGLZhr	-2.923433651408347e-09
R_7BHGLZhr	-4.3978660730498165e-09
R_7BHGLZtev	-2.222576991704056e-06
R_7HPVShc	-6.473152640056929e-09
R_ACMPGLUTtep	2.222310328203747e-06
R_ACMPGLUtep	2.21890727639118e-06
R_ACMPShc	-5.0325446019662545e-09
R_ACMPdt	-2.9233310919196676e-07
R_ACMPthc	2.2220481930013136e-06
R_EX_mdz_e	-2.9670998713537955e-09
R_EX_mdzglc_e	-8.577563940376232e-09
R_EX_mhglz_e	-6.744564920446727e-09
R_EX_ndersv_e	-9.64309871884228e-09
R_EX_nfd_e	-4.244028111582976e-09
R_EX_nfdlac_e	-8.421406245961993e-09
R_EX_nfdnpy_e	-6.963650982239056e-09
R_EX_nfdoh_e	-8.421406468006598e-09
R_EX_oxy1rb_e	-8.619368135898142e-09
R_EX_oxy7rb_e	-8.619368135898142e-09
R_EX_profvs_e	-9.859818982105306e-09
R_EX_ptvst_e	-6.196432585786615e-09
R_EX_ptvstlac_e	-6.196432342925329e-09
R_EX_rsv_e	-6.42278993531753e-09
R_EX_rsvlac_e	-8.790381773177147e-09
R_EX_s3meacmp_e	-9.55338312277898e-09
R_EX_stacmp_e	-9.326078277693828e-09
R_EX_tauribup__S_e	-8.762293775971264e-09
R_EX_tlacfvs_e	-4.241622601763861e-09
R_EX_tmdm5_e	-9.431609999943635e-09
R_EX_tsacmgluc_e	-9.65151994436475e-09
R_EX_tsacmsul_e	-9.533869322481126e-09
R_FVSteb	2.218889582544792e-06
R_FVStu	-2.1254730226438518e-07
R_GLC3MEACPhr	-7.546768977101381e-09
R_GLC3MEACPtev	-9.363641282483792e-09
R_GLZtd	2.211417727812637e-06
R_IBUPGLUCtchep	2.2265705485469134e-06
R_IBUPGLUCtpvb	2.219071732735556e-06
R_IBUP_RASCL1hep	-7.823094245323903e-09
R_IBUP_RCYP3hep	-5.918818225467137e-09
R_IBUP_Rshep	-1.2709572262681323e-08
R_IBUP_Rtdhep	-1.0231203779471898e-05
R_IBUP_SACOT2	-1.127441132120488e-08
R_IBUP_SCYP3hep	-7.967857787623267e-09
R_IBUP_Stdhep	-9.124914341709228e-06
R_IBUP_Stdu	1.1333435107615392e-05
R_RSVGLUChc	3.0235516909442317e-06
R_RSVLACteb	-7.602098403905466e-09
R_RSVtev	-2.447260782689753e-06
R_SMVACIDATPteb	1.9342243461143707e-06
R_SMVACIDtev	-1.9343868761199923e-06
R_SMVGLUCLAChep	3.548904570639666e-06
R_SMVGLUChep	5.564973027678832e-06
R_SMVHYDROhep	5.1688208527120305e-06
R_SMVthep	-1.880711713797933e-12
R_STACMPhc	-6.729731921034654e-09
R_STACMPtev	-8.677486548758218e-09
R_TACRDtsc	1.926976614392839e-06
R_TACRtu	1.9342288217259025e-06
R_TAURIBUP_Sthv	-7.541966370872011e-09
R_THRFVShc	-5.6727472892703634e-09
R_THSACMPhr	-8.255731803047395e-09
R_TLACFVShc	4.434257934296526e-06
R_TMDM3hr	-5.4815095865135e-09
R_TMDM5hr	-7.819971807218032e-09
R_TMDOATPtsc	-1.4435006169280507e-05
R_TMDOATthc	-1.3746663952503358e-11
R_TRIPVStev	-2.2206005582635358e-06
R_TSACMGLUChr	-7.4374416104971974e-09
R_TSACMSULhc	-7.792720725652291e-09
R_TSACMSULtev	-9.098981630650815e-09
R_12HTACRitr	-4.813825345284517e-09
R_14HMDZitr	-1.1049456512951528e-08
R_1513TACRitr	-1.083007717880835e-08
R_1531TACRitr	-1.3584913187425496e-08
R_1HIBUPGLUitr	-8.297391603656612e-09
R_1HMDGLUCitr	-7.627351153449702e-09
R_2HATVACIDGLUCitr	-8.691672652438864e-09
R_2HATVLACGLUCitr	-9.229921407033492e-09
R_2HIBUP_Ritr	-5.772055250430341e-09
R_35DHPVSitr	-4.606513354793451e-09
R_35DSMVitr	-7.745662403135789e-09
R_3HIBUP_Ritr	-8.876055484358103e-09
R_3HLVSTitr	-7.019722580992038e-09
R_3HPVSCOAitm	5.127568092344603e-09
R_3HPVSCOAitx	-5.127568321328102e-09
R_3HSMVitr	-8.432350220854978e-09
R_4BHGLZitr	-4.688058639207293e-09
R_4HATVLACitr	-7.340008323364344e-09
R_4HMDGLUCitr	-7.627351153449702e-09
R_56DHPVSitr	-8.015920816006883e-09
R_5OHFVSitr	-1.8402517218407688e-09
R_EX_rbl__D_e	-4.9936916442228085e-09
R_EX_M01966_e	1.3324487717260997e-05
R_EX_M02155_e	7.588280532787317e-07
R_EX_M01989_e	0.0002937855995171837
R_EX_M01881_e	1.4346443248762497e-06
R_EX_M03131_e	9.394052336644809e-07
R_EX_n5m2masn_e	-4.661151090101789e-09
R_EX_hretn_e	3.094609031487061e-06
R_SK_ile__L_c	-0.00010153971730183717
R_SK_leu__L_c	-0.0001789781351062593
R_SK_met__L_c	-0.0001739654815853947
R_SK_phe__L_c	-0.0002216976385502195
R_SK_trp__L_c	-0.00024043647086705727
R_SK_asp__L_c	-0.00027670643103250986
R_SK_cys__L_c	-0.00015957738172387922
R_SK_gln__L_c	-0.00023910643486944536
R_SK_glu__L_c	-0.0002554472501761461
R_SK_ser__L_c	-0.0002509589237623053
R_SK_gly_c	-0.00020995416182141222
R_SK_4abut_l	-3.288071854008409e-05
R_DM_CE1261_c	1.159387973386633e-06
R_DM_4glu56dihdind_c	1.1547301894433704e-06
R_DM_5cysdopa_c	1.2234356772666821e-06
R_DM_dopa_c	8.406301166136165e-07
R_DM_ach_c	1.1948479768097986e-08
R_DM_hista_c	1.6934841694793423e-06
R_DM_kynate_c	2.1500500409950274e-06
R_DM_cbl2_m	-9.764631086345288e-09
R_DM_1a2425thvitd2_m	3.2939699387626864e-06
R_DM_btn_m	1.1391318762071778e-05
R_DM_btn_n	4.944194684119302e-05
R_DCMPtm	-4.124802127893762e-05
R_DM_protein_c	8.505539718529215e-06
R_ATPS4mi	0.0018744375319528217
R_CYOR_u10mi	0.0008908252041168116
R_Htmi	1.6986992614487217e-05
R_NADH2_u10mi	0.0005220793816441867
R_CYOOm3i	0.00027674116556214087
R_ALLOP1tu	1.1381550119228144e-08
R_ALLOPOXDhep	-8.348015534918873e-09
R_ALLOPtepvb	-2.425211431681605e-08
R_AM19CSALThr	-5.263148332847016e-09
R_AM1A4NCShc	-8.53403851405754e-09
R_AM1ACCShr	-5.574409722014506e-09
R_AM1ACStep	-2.224518207930015e-06
R_AM1CCStev	-2.218044712697098e-06
R_AM1CGLCteb	-8.971298932902716e-09
R_AM1CSAhr	-5.657079546776342e-09
R_AM4N9CShr	-6.442124965422291e-09
R_AM9CSAhr	-5.1948996146466975e-09
R_AM9CSAteb	2.2190766683152785e-06
R_AM9CSAtep	-2.2210607443472197e-06
R_ATVACIDMCTtu	-9.03847379461753e-06
R_ATVACIDhc	5.721822119678088e-06
R_ATVACIDhr	1.473099833108893e-06
R_ATVACYLGLUChc	4.166576778839859e-06
R_ATVETHGLUChc	1.4775038411282693e-06
R_ATVLACThc	-2.1478354902536734e-07
R_ATVLACh2r	4.162172770823952e-06
R_EX_3hpvstet_e	-1.0216515081845623e-08
R_EX_3hsmvacid_e	-9.843235018736074e-09
R_EX_3ispvs_e	-5.605540240316564e-09
R_EX_4bhglz_e	-8.217308618274632e-09
R_EX_4hatvlac_e	-9.09893755132729e-09
R_EX_4ohmdz_e	-6.071855636335943e-09
R_EX_56eppvs_e	-9.099734899625789e-09
R_EX_5ohfvsglu_e	-9.000655085827924e-09
R_EX_6ahglz_e	-8.217308618274632e-09
R_EX_6bhglz_e	-6.74456381369315e-09
R_EX_6bhglzglc_e	-9.324346749578494e-09
R_EX_6csmvacid_e	-9.813770560085366e-09
R_EX_6hlvst_e	-7.252484120201519e-09
R_EX_6hsmvacid_e	-9.544502608399563e-09
R_EX_6melvacid_e	-1.0010552449479793e-08
R_EX_6melvst_e	-7.251123840257279e-09
R_EX_6ohfvsglu_e	-9.000655085827924e-09
R_EX_7bhglzglc_e	-9.324346749578494e-09
R_EX_acmp_e	-2.0698948353936597e-09
R_EX_acmpglu_e	-8.401265627622223e-09
R_EX_allop_e	-3.879359947861483e-09
R_EX_am1a4ncs_e	-9.667686116932028e-09
R_EX_am1accs_e	-8.878203436313292e-09
R_EX_am1acs_e	-7.714315217871581e-09
R_EX_am1c9cs_e	-7.233974020498524e-09
R_EX_am1ccs_e	-4.4785770751676335e-09
R_EX_am4n9cs_e	-1.0458778891553333e-08
R_EX_atvlac_e	-5.5871703548426854e-09
R_EX_caribup_s_e	-7.535977942368932e-09
R_EX_caribupglu__S_e	-9.474883204407814e-09
R_EX_crglz_e	-9.324347863270965e-09
R_EX_crvsm1_e	-9.749005613207684e-09
R_EX_crvsm23_e	-9.749021839811078e-09
R_EX_csasulp_e	-7.787651398749595e-09
R_EX_cysacmp_e	-8.87132882432251e-09
R_EX_deoxfvs_e	-8.831995204627852e-09
R_EX_desfvs_e	-9.451469551446934e-09
R_EX_fvstet_e	-5.828890883852189e-09
R_EX_ibup__S_e	-3.784328295175499e-09
R_EX_lstn1gluc_e	-8.359518948591882e-09
R_EX_lstnm2_e	-8.359513949118824e-09
R_LST4EXPhr	-4.988576798542021e-09
R_LSTN1GLUChr	-3.4952249339008408e-09
R_LSTNM7TDhc	7.381757652455412e-06
R_LSTNM7hr	-3.495225907312882e-09
R_LSTNtd	8.340451607278393e-06
R_LVSTACIDtu	-5.592278254948173e-09
R_LVSTACOXD6Hhep	-3.251074537184706e-09
R_LVSTOXD6METhep	-6.128740614834427e-09
R_LVSTPGPtu	1.9342263698522916e-06
R_LVSTtu	1.931036173418582e-06
R_MDZGLCtev	-7.173845958247105e-09
R_MDZtd	1.9301682367134365e-06
R_MERACMPtep	2.218159096969985e-06
R_MHGLZABCt	2.2190753101308802e-06
R_MHGLZtev	-2.2225769843800536e-06
R_NDERSVteb	-9.319949334854472e-09
R_NFDACOXDhc	-9.086579403944257e-09
R_NFDACtep	-5.131188998003244e-09
R_NFDLAChc	-5.318912765089889e-09
R_NFDLACtep	-6.870159503791218e-09
R_OXYPR7tehv	-7.26539431741835e-09
R_OXYPthc	1.570464446946142e-12
R_OXYPtepv	-1.0120812486691388e-09
R_PROFVSCOAhc	-8.84048875771093e-09
R_PROFVShc	-9.65705737251965e-09
R_PTVSTGLUChc	2.221429206087505e-06
R_PTVSTLAChc	2.2176362321352228e-06
R_PTVSTLACtev	-2.403458390642932e-09
R_PTVSTM3eb	-9.277381482833413e-09
R_PTVSTM3hc	-7.2121089296550754e-09
R_PTVSThc	2.21245374262824e-06
R_PTVSTtu	-2.2815330406796572e-07
R_PVSATPtu	2.207987708384429e-06
R_PVSGLUChc	-2.814496656566856e-09
R_PVSGLUCteb	2.217143115127926e-06
R_PVSHtu	-1.014638042964866e-05
R_PVSOATPtu	-1.3225377588037398e-07
R_NFDACitr	-2.704755190652275e-09
R_ACMPGLUTitr	-3.9750112507119795e-09
R_NAPQIhr	-6.415054418229538e-09
R_UDPRIBc	-1.0891728647460797e-08
R_GLYitr	-8.630583414603876e-09
R_PAPitr	-1.0787248854587927e-08
R_13DMTitr	2.433013734925993e-09
R_15DMTitr	2.433013734925993e-09
R_ATVACIDitr	4.160562605364654e-06
R_ATVLACitr	-4.1670042963334875e-06
R_31DMTitr	2.847515070958373e-09
R_AM1CCSitr	6.547891798214245e-09
R_LST4EXPitr	-6.284629587571811e-10
R_RSVitr	2.0465270303866856e-06
R_TRIPVSitr	-1.8833078846425266e-10
R_SMVACIDitr	3.558735252096046e-06
R_PTVSTitr	-1.3895147948916886e-09
R_AM1CSAitr	-4.863952594857945e-09
R_1A25HVITD2tm	3.3272673647458118e-06
R_EX_C13856_e	9.442565926422175e-07
R_EX_M02956_e	-2.0060983776937213e-09
R_EX_M00241_e	-2.0040526287068428e-09
R_EX_M00003_e	-9.027809579759127e-09
R_EX_M00010_e	2.6775605443986328e-06
R_EX_M00017_e	1.4382774596692627e-06
R_EX_M00021_e	3.2229199974954936e-06
R_EX_M00260_e	9.871302258240844e-07
R_EX_M00265_e	1.3173467069277356e-06
R_EX_M01207_e	2.4845522299740685e-06
R_EX_M02613_e	-7.619879473924618e-09
R_EX_M03045_e	-8.442137398867455e-09
R_EX_M03051_e	-7.487322754851089e-09
R_EX_M03153_e	5.540550205018757e-07
R_EX_M02561_e	-6.721654972202673e-09
R_EX_M02909_e	-2.0677823169001908e-09
R_EX_M03117_e	-5.502805378032605e-09
R_EX_M01872_e	-9.834152821935893e-09
R_EX_hnifedipine_e	-8.647435840308804e-09
R_EX_M02449_e	-5.032410599348225e-09
R_EX_M02451_e	-5.188625317592566e-09
R_EX_adpman_e	-4.993692834243113e-09
R_FBP26	4.44807079155729e-06
R_FCLTm	2.5053912555347835e-06
R_FCOAH2	-1.2172733064585994e-08
R_FE2tm	1.1889850121092616e-06
R_FOLR2	2.637174424216515e-05
R_FOLt2_1	-4.881523942368293e-05
R_FPGS3m	2.656587414405498e-06
R_FPGS6	2.2214963605049487e-06
R_FPGS8	3.0142588847981155e-06
R_FPGS9m	2.336425458146496e-06
R_FUC13GALACGLCGAL14ACGLCGALGLUSIDEte	-8.197496292917938e-07
R_FUC13GALACGLCGAL14ACGLCGALGLUSIDEtg	2.099323422773136e-07
R_FUCACGALFUCGALACGLCGALGLUSIDEtg	4.968887158743329e-07
R_FUCACNGALACGLCGALGLUSIDEtg	1.7706833315561665e-08
R_FUCASE2e	-4.1707568648741145e-09
R_FUCASEly	-5.35588765004924e-09
R_FUCFUC12GAL14ACGLCGALGLUSIDEte	-5.24079173364056e-07
R_FUCFUC12GAL14ACGLCGALGLUSIDEtg	5.24079173100378e-07
R_FUCFUCGALACGLCGALGLUSIDEte	-6.002745505731544e-07
R_FUCFUCGALACGLCGALGLUSIDEtg	6.002745503233542e-07
R_FUCGAL14ACGLCGALGLUSIDEte	-4.7170731528808907e-07
R_FUCGAL14ACGLCGALGLUSIDEtg	4.7170731498277774e-07
R_FUCGALFUCGALACGLCGALGLUSIDEte	-1.2625161670276608e-06
R_FUMm	0.0002771549912311544
R_FUMSO3tm	4.8875846541032025e-05
R_FUMTSULtm	3.672981002745407e-05
R_FUT11g	5.019963561971735e-07
R_FUT12g	2.1387052713244675e-06
R_FUT14g	2.0422138633695644e-06
R_FUT17g	5.671176985079865e-07
R_FUT18g	4.80441182003008e-07
R_FUT33g	4.968887159124968e-07
R_FUT34g	6.002745500700846e-07
R_FUT35g	5.473215166293399e-07
R_FUT910g	6.669412187925447e-07
R_FUT92g	1.0336537020393599e-08
R_FUT93g	5.240791728380434e-07
R_FUT95g	5.354262120257953e-07
R_FUT98g	2.0993234243700134e-07
R_G14T18g	1.9313017474154037e-07
R_G14T19g	1.8565618919996751e-07
R_G14T3g	1.8882274538389865e-07
R_G14T4g	1.8134875268138728e-07
R_G3PD2m	3.3461707391047035e-06
R_G5SADrm	-6.802938066714781e-06
R_G6Pter	-5.9306146135224e-05
R_GAL3ST11	1.5648728889152157e-06
R_GAL3ST12	1.5474476684727845e-06
R_GALASE11ly	-1.2504968463500354e-08
R_GALASE14ly	-1.0916304277186484e-08
R_GALASE18ly	3.0975125422938454e-07
R_GALASE3ly	-1.081500293487192e-08
R_GALASE5ly	-1.2551798975191097e-08
R_GALASE6ly	-1.256353603096283e-08
R_GALC	1.930229164101571e-06
R_GALFUC12GAL14ACGLCGALGLUSIDEte	-4.2707146487297454e-07
R_GALFUCGALACGLCGAL14ACGLCGALGLUSIDEte	-3.2015658523593116e-07
R_GALFUCGALACGLCGAL14ACGLCGALGLUSIDEtg	3.2015658446571393e-07
R_GALGALGALTHCRMte	6.627494755183372e-07
R_GALGLUSIDEtg	-2.711770249860801e-05
R_GALGLUSIDEtl	-4.377815444328581e-05
R_GALGT1	2.5326097934097458e-08
R_GALGT4	5.1758955272804275e-09
R_GALNTg	2.4168173906498336e-06
R_GALOR	2.3254292971647272e-05
R_GALTg	7.390117017516684e-06
R_GAMt1r	-3.3296014001482632e-09
R_GAMYe	-7.695037542007534e-09
R_GAO1	7.384598016829669e-07
R_GAO2	8.154458889311766e-07
R_GAO2g	-2.931517608523171e-09
R_GASNASE3ly	-6.629075677277996e-09
R_GBAl	9.86271059932875e-07
R_GCALDDm	3.119751151858807e-08
R_GCC2am	3.5591373877424427e-06
R_GCC2bim	3.5587820720679904e-06
R_GCC2cm	5.6544934924387426e-05
R_GCCbim	4.908431887286867e-06
R_GCCcm	4.908431887289469e-06
R_GCHOLAt	-1.6717750874068458e-07
R_GCHOLAtx	4.061244731335539e-06
R_GCNTg	4.804411799161357e-07
R_GD1B2tg	-1.1612517902132025e-08
R_GD1Ctg	-8.42194652211914e-09
R_GDPtg	-1.613274402835138e-05
R_GGH_10FTHF5GLUe	-7.119813599798519e-09
R_GGH_10FTHF5GLUl	1.0466720399143759e-05
R_GGH_10FTHF6GLUe	-8.546337068593424e-09
R_GGH_10FTHF6GLUl	7.384659850520614e-06
R_GGH_10FTHF7GLUe	-7.1252480443595445e-09
R_GGH_5DHFe	-7.119813599798519e-09
R_GGH_5DHFl	9.930150141182481e-06
R_GGH_5THFe	-6.0846267468939175e-09
R_GGH_6DHFe	-8.546337068593424e-09
R_GGH_6THFe	-8.271450011032577e-09
R_GGH_6THFl	6.386976752537077e-06
R_GGH_7DHFe	-7.125248030481757e-09
R_GGH_7DHFl	4.652596028789646e-06
R_GGH_7THFl	3.755137135477704e-06
R_GGNG	6.256934114365342e-07
R_GGT_L	2.1432312297814393e-07
R_GGT5r	2.462303966941967e-06
R_GGT6	-1.8423281775842293e-07
R_GHMT3	-9.953073559776371e-09
R_GLACO	4.904961400542529e-06
R_GLACter	-4.411329562073463e-05
R_GLBRAN	6.256934096809941e-07
R_GLCAASE1ly	1.3406557746870051e-06
R_GLCAASE5ly	1.1146011999890737e-06
R_GLCAE1g	1.1830934985475328e-06
R_GLCAE2g	1.3869636759054893e-06
R_GLCAT2g	2.161727167188099e-06
R_GLCAT3g	1.2459646605844643e-06
R_GLCAT9g	1.3869636688590425e-06
R_GLCATg	7.3901170176277065e-06
R_GLCMter	4.6987847677992106e-05
R_GLCNACASE1ly	1.3406557327934332e-06
R_GLCNACASE2ly	1.3406557687195564e-06
R_GLCNACASE3ly	1.3406558009021463e-06
R_GLCNACASE4ly	1.3406558197030793e-06
R_GLCNACT1g	1.3869636629956772e-06
R_GLCNACT3g	1.3869636660696072e-06
R_GLCNACT4g	1.3869636679014752e-06
R_GLCt1	0.00024072656294804595
R_GLCt2_2	-4.52663821685651e-09
R_GLCtg	3.918659444143713e-06
R_GLCURter	4.1108948464010225e-05
R_GLCURtly	-1.848925078896599e-05
R_GLDBRAN	4.527366735408017e-05
R_GLNLASEer	-3.920833421994577e-05
R_GLNSERNaEx	2.4060213991677903e-05
R_GLNTHRNaEx	2.4283067447727902e-05
R_GLNtN1	-6.191034866617328e-05
R_GLU5Km	1.1464881475076183e-05
R_GLUCYS	6.700225033889201e-06
R_GLUDC	1.272369557623991e-05
R_GDHm	-8.201717709391265e-06
R_GLUDym	-9.710557348482918e-06
R_GluForTx	2.275289621056671e-08
R_GLUNm	4.486793164688169e-05
R_GLUt2m	0.00010741259071771203
R_GLUt7l	0.00015340422990670066
R_GLUTCOADHm	1.0961119372224215e-06
R_GLUtr	-2.453673383560201e-06
R_GLUVESSEC	1.8568159305196587e-06
R_GLXtm	1.655868582053216e-06
R_GLYATm	0.00012014401004787831
R_GLYBtm	5.91322237430969e-06
R_GLYC3Ptm	1.390032518840123e-05
R_GLYCLTDy	3.3866989252173685e-06
R_GLYCtm	1.3290196971150331e-05
R_GLYCTO1p	2.8215290568935154e-08
R_GLYKm	5.768261721376955e-06
R_GLYOXm	1.0919002637971298e-05
R_GLYtp	3.2790203202816975e-05
R_GP1CALPHAte	2.3048636853262305e-09
R_GP1Cte	2.7781805918281055e-09
R_GP1Ctg	-2.789061225028089e-09
R_GPIAT	8.564675443269859e-06
R_GPIMTer_U	8.564675444380082e-06
R_GQ1BALPHAtg	2.5514764641354493e-09
R_GQ1Bte	1.198877307255486e-07
R_GRTTx	6.369735745595517e-06
R_GSNt	-2.0986884637128056e-05
R_GSNt4	4.9265911254127925e-06
R_GSNtl	1.6355862012826586e-05
R_GTHOr	6.0159410817689496e-05
R_GTHPe	7.467303438452033e-06
R_GTHRDt	3.2873171687819447e-06
R_GTHRDtr	7.492502448382815e-06
R_GTMLTe	0.00015750853031027898
R_GUACYC	6.3394463016772096e-06
R_GUAD	4.333382846238206e-06
R_H2ETer	2.0492996959040055e-06
R_H2MTer_U	6.51537574895833e-06
R_H2O2tly	0.0001013050964488553
R_H2O2tn	-4.1379069234265264e-07
R_H2O2tp	-5.9543158859969025e-06
R_H2Otly	0.00018993894827178462
R_H2Otm	-5.250308948988346e-07
R_H2Otn	4.782711273241397e-05
R_H2Otp	9.23612867275575e-06
R_H3ETer	1.2098643420842964e-06
R_H5MTer_U	2.0492996968147353e-06
R_H6_ET2er	7.931254376522534e-07
R_H6_ETer	8.706251902260154e-07
R_H6MTer_U	2.0115351979240696e-06
R_H7_ETer	7.934663665692954e-07
R_H7MTer_U	1.788934723984917e-06
R_H7_TAer	2.041549594284514e-06
R_H8TAer	2.722655935028656e-06
R_HACD1m	-4.991393803166488e-06
R_HAS2	3.549954630394092e-06
R_HDCAter	0.00012002957625201899
R_HDCEAt	-5.189415206597464e-06
R_HEX10	-3.3296011503480827e-09
R_HEXCCOAtx	9.903455165941738e-06
R_HGNTOR	5.8902594594641535e-06
R_HIBDm	2.0977689787440856e-05
R_HISTASE	2.7497788150556562e-06
R_HISTAtu	7.211313002039241e-06
R_HIStiDF	2.8374593132880332e-05
R_HIStN1	-1.3656629435349022e-05
R_HKt	1.7047276630795073e-08
R_HKYNH	5.031547780614664e-06
R_HMGCOAS	-1.944960700456244e-05
R_HOXG	2.4795372023656004e-06
R_HPCLx_1	-5.54808105707183e-09
R_HPDCACRNt	-2.892135519957234e-06
R_HPDCAt	2.215804349076783e-06
R_HPYRDC	1.0669341646285524e-08
R_HPYRRy	1.0720049729850967e-08
R_HRETNtn	3.094609031424611e-06
R_HS1ly	1.340655715706407e-06
R_HS3ly	1.3406557913611672e-06
R_HS4ly	1.3406558149395287e-06
R_HSAT1ly	1.3406557245049244e-06
R_HSAT4ly	1.340655817572839e-06
R_HSD11B1r	-1.026344235184441e-11
R_HSD11B2r	8.475864182819898e-09
R_HSD17B1	-5.824382423748331e-05
R_HSD17B2r	3.0963330064919144e-06
R_HSD3A2r	-7.335537106673974e-10
R_HSD3B11r	4.529397621839402e-08
R_HSD3B13r	2.7091194047739084e-08
R_HSD3B2r	1.8006575030641427e-08
R_HSPGtly	1.3406556873402087e-06
R_Htg	0.00030429110862268544
R_Htr	-1.9997222050344154e-05
R_HYPOE	3.4674151103124967e-06
R_ICDHxm	6.296789851509277e-05
R_ICDHym	-0.0001951094858504976
R_IDOAASE1ly	1.340655740667343e-06
R_IDOAASE2ly	1.3406558086372783e-06
R_ILEtec	7.681950310256883e-05
R_INSt4	4.942456334836639e-06
R_IPDDIx	6.369735742861593e-06
R_It	1.1914373462936503e-10
R_ITCOAL1m	-6.403931683106323e-05
R_KDNH	8.217726125320929e-06
R_KHK3	-5.445534898007587e-09
R_KSII_CORE2t	1.6889211458190334e-07
R_KSII_CORE4tly	1.7073162007080755e-07
R_Kt3g	-4.163336342344337e-17
R_KYN	3.621192904352307e-06
R_KYNAKGAT	6.149849750453767e-05
R_LCADm	2.141793100235434e-06
R_LCAT1e	6.93982999371099e-07
R_LDH_Lm	9.891267393008496e-06
R_LEUKTRA4t	3.926056446080362e-12
R_LEUKTRD4tr	-2.462303966898477e-06
R_LEUt4	4.062888695138822e-05
R_LEUt5m	2.877782960647446e-05
R_LEUtec	7.928864504943428e-05
R_LFORKYNHYD	3.1444153599452865e-06
R_LGNCt	6.011922195987146e-05
R_LINKDEG4ly	1.1590847430742457e-06
R_L_LACDcm	3.224981049428782e-05
R_L_LACtm	7.732289248860852e-06
R_LNELDCCPT1	1.0111439441837233e-05
R_LNELDCCPT2	1.0113887656570605e-05
R_LNELDCCRNt	4.8961936282912455e-06
R_LNELDCt	-1.934982428609261e-06
R_LNLNCACPT1	3.1785586564608836e-06
R_LNLNCACPT2	3.1747896373536533e-06
R_LNLNCACRNt	3.1766741469124726e-06
R_LNLNCGCPT1	7.253781248023339e-07
R_LNS14DM	1.625881319602543e-08
R_LNSTLSr	2.9909240043327068e-06
R_LPCHOLt	4.32887147732916e-06
R_LPCOXp	2.957637761177574e-06
R_LPS	0.00012223961452883028
R_LPS2e	1.9153038929966887e-06
R_LPS3	1.4745076064442975e-06
R_LRAT	7.373879682050916e-07
R_LSTO2r	3.3357224092644966e-07
R_LTA4H	9.712101615683144e-06
R_LTD4DP	-2.348537346645585e-07
R_LYSOXp	1.4269086173121504e-05
R_LYSt5r	0.000367732148435905
R_LYStip	1.4269086173111095e-05
R_MACOXO	3.5980814335756506e-06
R_MAGt	-1.1173638721079238e-06
R_MALSO3tm	-2.458255312255339e-05
R_MALSO4tm	-2.497252671920802e-05
R_MALTSULtm	-3.672858620152111e-05
R_MAOLNOR	1.1030892297266004e-06
R_MAOX	2.2533522788447877e-06
R_MCCCrm	1.9834233363699716e-06
R_MCD	1.8243190740372534e-06
R_MCDm	1.5123379790808744e-06
R_MCITS	5.3034520405073615e-06
R_MDHm	0.0001350698741726386
R_ME2	4.430694914177996e-06
R_MEOHtly	1.7152364098493855e-08
R_MEPIVESSte_cho	2.2198549453830707e-06
R_MERCPLACCYSt	2.556607087458168e-05
R_METLEUex	0.00011353655299173315
R_METt4	3.861005213104396e-05
R_MEVK1x	2.3742290236272723e-05
R_MGCHrm	-1.565265415603284e-05
R_MGSA	2.00350592968572e-05
R_MI13PP	2.935143572045662e-06
R_MI14P4P	4.839683686148899e-06
R_MI14Ptn	-1.0514846835230074e-05
R_MI1PS	7.912286524000556e-05
R_MI34PP	2.7815588645938027e-06
R_MINOHPtn	-3.4395089260862155e-06
R_MLTG1	-6.804750937207393e-09
R_MLTG1e	-6.804750980846531e-09
R_MLTG1ly	-6.804750672662063e-09
R_MMSAD3m	3.0432923660804467e-06
R_MTAP	7.378185010957749e-06
R_MTHFDm	5.475568957688526e-05
R_MTHGXLt	9.65642032134742e-06
R_N2M2NMASNtly	-4.052203857185521e-09
R_N4Tg	2.1045045751309777e-06
R_NACASPtm	3.380466909637045e-05
R_NACHEX11ly	-7.160401382932946e-09
R_NACHEX12ly	-7.183821232326082e-09
R_NACHEX14ly	-7.171301691366594e-09
R_NACHEX15ly	-7.16397838274041e-09
R_NACHEX18ly	-7.138929614125544e-09
R_NACHEX19ly	-7.0842804400506054e-09
R_NACHEX21ly	-9.548282053906121e-09
R_NACHEX22ly	-4.876956699595425e-09
R_NACHEX23ly	8.072075621812225e-08
R_NACHEX24ly	1.561211642742144e-07
R_NACHEX2ly	1.9057102722541686e-06
R_NACHEX4ly	5.572795674646525e-07
R_NACHEXA14ly	-7.163978410495986e-09
R_NACHEXA16ly	-7.150773084774187e-09
R_NACHEXA17ly	-7.13892964188112e-09
R_NACHEXA19ly	-6.716280281926501e-09
R_NACHEXA1ly	4.2558122986813274e-07
R_NACHEXA22ly	7.913751701171812e-08
R_NACHEXA6ly	5.978470402068226e-07
R_NACHEXA8ly	5.79589755717036e-07
R_NADHtpu	1.0426977890845568e-05
R_NADPHtxu	5.8098349981702824e-05
R_NADPN	1.3339224519910708e-05
R_NADPNe	-3.3296020853640362e-09
R_NAGA2ly	2.4143026555387137e-06
R_NAGAly	1.0037600394890989e-06
R_NAGLCAly	2.4092965968634805e-06
R_NAHCO3_HCLt	-2.9470705324529008e-05
R_NaKt_1	2.446050041793324e-06
R_NAt	-0.00022223075101851855
R_NAt5	7.787961714376263e-05
R_NAtx	5.799772244987483e-05
R_NCAMUP	2.4836351229122478e-05
R_NCKt	0.00011644614400594874
R_NCNt	8.157532050145824e-05
R_NDP10ex	-5.447382003809231e-09
R_NDP3ex	-8.271436424678313e-09
R_NDP6	2.1696846248669965e-06
R_NDP7er	2.5176509420854476e-06
R_NDP7ex	1.5720197170110417e-06
R_NDPK10	-1.4322226360510837e-06
R_NDPK10n	1.4262338019800647e-06
R_NDPK1m	-5.388513800796968e-05
R_NDPK1n	-3.931646562267688e-06
R_NDPK2n	-4.75813990693727e-06
R_NDPK3n	-3.931646561664004e-06
R_NDPK5m	3.2309916246642256e-06
R_NDPK5n	-3.931646562232993e-06
R_NDPK6n	1.745488560147765e-05
R_NDPK8m	3.5721607616751028e-06
R_NDPK8n	-4.486810385017498e-06
R_NH4t3r	1.6947996653219168e-06
R_NKCCt	-0.00015004124360650656
R_NMNATm	1.582087450550159e-05
R_NMNATn	8.92467037740029e-06
R_NMNAT	-0.0007470041255306092
R_NMNS	1.7550960635243085e-06
R_NMNtn	8.924670377493532e-06
R_NNATn	1.2467036000639482e-06
R_NNMT	7.263633800716918e-05
R_NORANMT	6.538583784276831e-06
R_NOS1	6.653127774119971e-06
R_NOt	-4.379418098460902e-06
R_NP1	6.537709336585512e-05
R_NPTHLte	-6.612126679517161e-10
R_NRPPHRSFt	1.1156134101311665e-06
R_NRPPHRt4_2_r	-7.790281045510355e-07
R_NRPPHRtu	8.296674925999505e-06
R_NRPPHRVESSEC_1	2.0920634611759636e-06
R_NTD2e	2.729582079141757e-06
R_NTD4l	2.1430443335676563e-06
R_NTD5l	3.2567455572549142e-06
R_NTD7l	2.0838606748514732e-05
R_NTP3e	-7.0569391302788276e-09
R_NTPP10	-7.979001293012544e-09
R_NTPP9	-5.447380962975146e-09
R_O2St	1.3696456247873356e-06
R_O2Stx	8.176049711566824e-07
R_O2tm	0.000559966754230045
R_O2tp	0.0003101124688163863
R_OAGD3te	7.373365168358847e-07
R_OAGD3tg	1.123284611159736e-09
R_OAGT3te	8.125143708161142e-07
R_OAGT3tg	2.9315178617927984e-09
R_OCDCAt	7.418483684053234e-06
R_OCDCEAt	7.465854037984115e-06
R_OCOAT1m	1.1919570171020633e-06
R_OCTAt	-3.3788952885638324e-09
R_ODECOAtx	7.073580557959147e-06
R_OIVD1m	1.1460714229468783e-05
R_OIVD3m	7.470464547476097e-06
R_ONPTHLte	7.3171592118725926e-09
R_OPAH	2.298640326272444e-06
R_ORETNF2	3.4634734416977286e-06
R_ORETNtn	6.86622646415419e-06
R_ORETNtn2	6.866731633366208e-06
R_ORNt3m	6.783351553274475e-05
R_ORNTArm	-0.00010034513892716312
R_ORPT	-2.0541743501856224e-05
R_OXAHCOtex	8.0976460657297e-05
R_P45011A1m	1.4040653771833905e-05
R_P45011B11m	1.9930687350464254e-08
R_P45011B12m	5.302885808698561e-08
R_P45017A1r	4.660844111078391e-06
R_P45019A2r	2.6572808760809506e-06
R_P4501B1r	2.1663186063058948e-07
R_P45021A2r	2.7972314342638097e-08
R_P45027A12m	3.310390756395415e-06
R_P45027A16m	1.6137267240222408e-06
R_P45027A1m	1.474892479431944e-06
R_P4502C19	-5.986881208260695e-09
R_P4502C9	-5.9868825793231895e-09
R_P4502C93	-4.990664221082343e-09
R_P4502C94	-5.986882579025034e-09
R_P4502F1	-5.98688258021088e-09
R_P45039A1r	1.667319449278129e-06
R_P4503A43r	1.608937442838886e-08
R_P4503A5	-5.986882582081129e-09
R_P4503A7r	3.1320951079735765e-07
R_P4504B1r	1.5954217488567456e-06
R_P4504F121r	3.7857145347181635e-08
R_P4508B13r	1.706884833292286e-08
R_P450SCC1m	1.1731075962723159e-06
R_P5CDm	1.6914917209159136e-05
R_P5CRxm	7.746001387198831e-06
R_PA_HStg	-1.1070890883098372e-06
R_PA_HStn	-7.267777112088258e-06
R_PACCOAL	3.82168527113258e-06
R_PAFH	1.0177444757286658e-05
R_PAFHe	1.7166992459354307e-08
R_PAFS	1.019461174989536e-05
R_PAIL4P_HStn	-1.056075216543384e-05
R_PAN4PP	1.0945082285326174e-05
R_PCHOL_HStg	5.2772229691411265e-06
R_PCHOLPm_hs	1.1246911609027327e-06
R_PCLAD	2.1394712476673476e-06
R_PCm	4.877416857177602e-06
R_PCt	2.08523181687275e-06
R_PI3P3Pn	8.105727365769616e-06
R_GCPNn	1.4938312199314074e-06
R_PDX5POi	4.022403368032779e-06
R_PE_HSter	2.6452252075918892e-05
R_PE_HStm	-3.114774057004499e-06
R_PEAMNO	1.920572033083101e-06
R_PEFLIPm	2.2183863748817534e-06
R_PEPCK_re	1.7106963393831483e-08
R_PEPCKm	5.374234946512596e-06
R_PEt	-2.2203295992458127e-05
R_PETOHMm_hs	3.113144195918127e-06
R_PETOHMr_hs	6.073172934398241e-06
R_PFK26	4.44807079136994e-06
R_PGDIr	-6.243535896716611e-09
R_PGESr	-1.6311451980499658e-05
R_PGISr	6.634982437676788e-08
R_PGS	2.070199518977578e-06
R_PGSr	2.0633925828655864e-06
R_PHACCOAGLNAC	2.0346096906223576e-06
R_PHCDm	3.272514897752904e-05
R_PHEtec	7.837943663883962e-05
R_PHETHPTOX2	2.0453709397275882e-06
R_PI345P3P	3.991518378215417e-06
R_PI345P3Pn	3.1203503285844036e-06
R_PI345P5Pn	8.418689281471797e-06
R_PI3P5K	2.641173872636182e-06
R_PI45P3Kn	8.408414142953985e-06
R_PI45P4P	2.6486218631969344e-05
R_PI45P5Pn	2.720694926793346e-05
R_PI45PLC	1.9028709723756254e-05
R_PI4P3K	3.485086701282558e-06
R_PI4P5K	2.5845782070099688e-06
R_PI4P5Kn	2.4678285398087307e-06
R_PI4PP	2.3502613675761147e-05
R_PI5P3K	2.225089445390127e-06
R_PI5P4K	2.3998928719570767e-06
R_PRODt2r	-3.5457292865883477e-06
R_PROSTGD2t	1.7000285007989085e-05
R_PROSTGE1t3	2.1786270309465117e-06
R_PIK3	2.2101755701164905e-06
R_PIK3n	3.176898997547112e-06
R_PIK4	2.431227194982233e-06
R_PIK5	2.6202213140869013e-06
R_PMEVKx	2.3742290236578034e-05
R_PMI12346PHn	3.4395089261729517e-06
R_PMTCOAtx	-1.2953812823894573e-05
R_PNTOt5_1	2.2166080242275177e-06
R_PPAn	1.3624232225204619e-05
R_PPAtr	6.268071128934932e-05
R_PPAtm	5.457893919851714e-06
R_PPItx	-1.77477630157602e-05
R_PRAGSr	2.4761235124931558e-06
R_PRDX	5.209254537119623e-06
R_PRGNLONEtm	-2.02397344563586e-05
R_PRISTANALtx	7.425586276419913e-05
R_PROSTGF2t	8.499178199903429e-07
R_PROSTGH2t	1.717940678096566e-05
R_PROSTGI2tr	-2.667210235447401e-05
R_PSDm_hs	4.009531876722483e-06
R_PSSA1_hs	-2.0243157851984606e-05
R_PSSA2_hs	3.5320793188783894e-05
R_PSt3	-5.284095036320324e-07
R_PTDCACRNCPT1	3.1253852145196603e-09
R_PTDCACRNt	9.61517380489857e-07
R_PTDCAt	2.217137976243816e-06
R_PTE2x	9.525664561554903e-06
R_PTE3x	6.311922561084982e-06
R_PTHPS	7.87539898566142e-06
R_PTRCAT1	5.95451144902448e-06
R_PYAM5PO	2.4870951261454777e-06
R_PYDXDH	4.787256118706125e-06
R_PYRt2m	6.7418037588660995e-06
R_RADH	1.6975343763957207e-05
R_RADH4	2.043680760816652e-05
R_RAHY	6.1892180627902416e-06
R_RAtn	9.119786359642473e-06
R_RBTt	-6.4548613398773824e-09
R_RDH3	-1.5057155004476446e-05
R_RDH3a	4.540535166241977e-05
R_RETFAt2	6.482255960664485e-05
R_RETH	5.986883076198463e-06
R_RETH1	6.258417789593157e-06
R_RETH1e	1.1193008980968366e-05
R_RETH2	6.258417789593157e-06
R_RETI1	2.4827647331329e-05
R_RETI2	2.4827647331353286e-05
R_RETI3	-8.054533082436227e-06
R_RETNGLCt	8.561927123840185e-06
R_RETNGLCt2	9.608526767450332e-06
R_RETNt	1.7109415578586695e-05
R_RETNtr	4.790988282724062e-06
R_RIBFLVt3	2.2203596311519413e-06
R_RTOTAL2t	-5.5837843589666425e-05
R_RTOTAL3CRNCPT1	3.400394322584932e-05
R_RTOTAL3CRNt	3.400205871625234e-05
R_RTOTALt	1.2597549085044402e-05
R_Rtotaltl	-6.54614224447278e-06
R_S23T2g	1.962967436791585e-07
R_S23T4g	1.906388536476733e-07
R_S2L2FN2M2MASNtly	-3.0565052641651214e-09
R_S2T2g	1.3068207001202398e-06
R_S2TASE4ly	1.1956447819524985e-06
R_S3T1g	1.3869636954245979e-06
R_S3T2g	1.3869637048636349e-06
R_S3T3g	1.386963714872149e-06
R_S3TASE1ly	1.3406557802971009e-06
R_S3TASE2ly	1.3406558118100875e-06
R_S4T1g	2.81477969753946e-06
R_S4TASE5ly	5.794949839710295e-07
R_S6T16g	1.806735269449522e-07
R_S6T17g	1.7319953949171407e-07
R_S6T19g	3.188373658799537e-06
R_S6T22g	6.530525332518189e-07
R_S6T23g	6.442447505255675e-07
R_S6TASE10ly	-1.021545774013144e-08
R_S6TASE12ly	-6.17906126265666e-09
R_S6TASE13ly	-6.275899466778867e-09
R_S6TASE18ly	-6.258620982579899e-09
R_S6TASE19ly	-6.2524842109334955e-09
R_S6TASE20ly	-6.235767194273656e-09
R_S6TASE22ly	1.6891552484521455e-07
R_S6TASE23ly	8.321208057326945e-08
R_S6TASE4ly	5.572795651748175e-07
R_S6TASE7ly	5.977977453643091e-07
R_S6TASE9ly	5.794949854281972e-07
R_SACCD4m	3.544939150280143e-05
R_SAMHISTA	3.2782704472017477e-06
R_SARCOXp	9.708480626389418e-06
R_SARCStex	-3.3296023924100915e-09
R_SARCStm	1.829496819316656e-08
R_SARDHm	3.505352243704309e-08
R_SBPP1er	6.945465032010684e-06
R_SCP21x	-2.2254746470246056e-06
R_SCP22x	-1.8772948781470289e-06
R_SCPx	1.1638594422949677e-05
R_SERALANaEx	2.469557125465982e-05
R_SERCYSNaEx	2.4763595918686487e-05
R_SERDGLNexR	-2.1722927879486427e-06
R_SERDGLYexR	-2.181981254630764e-06
R_SERGLNexR	-1.7052859603396207e-09
R_SERGLNNaEx	2.3847206476010352e-05
R_SERHL	6.805336059620263e-06
R_SERPT	8.769986744327878e-05
R_ST3GAL62g	-7.676750173046809e-10
R_SERt4	3.9986389431811986e-05
R_SERtp	5.083010863604631e-08
R_SIAASE3ly	1.7140684947097862e-07
R_SIAASEly	-8.659654108372772e-09
R_SIAT4Bg	8.060809119150858e-09
R_SIAT9g	1.7351803681397993e-08
R_SK_citr__L_c	-0.00012383978302492327
R_SK_pre_prot_r	-8.564675452092663e-06
R_SLDx	-2.21198309877102e-06
R_SMPD3l	8.685996407478691e-07
R_SMPD4	1.2999445011749322e-06
R_SO4CLtex2	2.317251151746913e-05
R_SO4HCOtex	2.991596940350727e-05
R_SO4OXAtex2	1.78622306907239e-05
R_SOAT12	0.0001382779484829788
R_SPC_HSt	8.41795579662602e-07
R_SPH1Pte	3.3278962158454772e-06
R_SPHGNtr	9.367038425529828e-06
R_SPHMDAc	2.141740080029153e-06
R_SPHMYLNtl	3.557153957351941e-05
R_SPHS1Pte	2.0139693429586936e-06
R_SPHS1Ptr	5.311174761497839e-06
R_SPODMm	4.5836955493358533e-07
R_SPODMn	4.137906922663248e-07
R_SPODMx	4.0880248546038e-07
R_SPRMS	5.641619218926808e-06
R_SPTix	4.884141197128216e-08
R_ST6GALNAC24	1.1612567863035494e-08
R_ST6GALNAC61	-1.7763847502336172e-09
R_ST8SIA11	2.6866879010174066e-09
R_ST8SIA54g	8.421950558623746e-09
R_ST8SIA55g	2.326228406005757e-09
R_STRDNCCPT2	-0.00015573930447775747
R_STRDNCCRNt	-5.961175488881573e-05
R_STS1r	1.1558376416254124e-06
R_SUCCtm	5.827751464591857e-06
R_SUCCt4_2	-2.275879344205071e-06
R_SUCOAS1m	2.4380677440399845e-05
R_SUCOASm	-1.1230860537385368e-05
R_SUCRe	-3.3296018544289735e-09
R_TAGt	-0.00011524847027436641
R_TAURtcx	-4.668627403781739e-05
R_TCHOLAt2	4.477646437836113e-06
R_TCHOLAte	-1.6252234895434287e-05
R_TCHOLAtx	1.3406673832275229e-06
R_TCYNTt	-1.0275449251889723e-08
R_TDCHOLAte	-4.2384485390869336e-05
R_TDP	4.812713421266379e-06
R_TETPENT3COAtx	-9.587682849032664e-09
R_TETPENT3CPT2	2.9887836976924542e-06
R_TETPENT3CRNt	2.9941304121559875e-06
R_TETPENT3t	2.213639181188054e-06
R_TETPENT6CPT2	2.9891764390787418e-06
R_TETPENT6t	2.2169795043346097e-06
R_TETTET6COAtx	-9.624700758603666e-09
R_TETTET6CPT1	2.9994554370665893e-06
R_TETTET6CRNt	2.994121000129274e-06
R_TETTET6t	2.2136638074439496e-06
R_THBPT4ACAMDASE	1.7137675147188558e-05
R_THFt2_1	-1.246974238141435e-05
R_THFtl	-9.421266852417676e-06
R_THMP	2.6478858985296005e-05
R_THMPPtm_cho	4.7882868241980875e-05
R_THP2Ctp	-2.95763776117855e-06
R_THRALANaEx	2.4462778159442533e-05
R_THRASNNaEx	2.3763431434703497e-05
R_THRGLNexR	-5.211893709132823e-09
R_THRt4	3.936744507254675e-05
R_THYMDt1	1.5622516072039128e-06
R_THYMt	-9.426518775557113e-07
R_THYOXt2	7.4388020109908415e-06
R_TMDPP	3.4269388697258374e-06
R_TMDPPK	4.36783815414149e-06
R_TMNDNCCPT2	0.00011722327730167605
R_TOLBUTAMIDEte	-6.61212671421163e-10
R_TRDR	0.0004023719564238415
R_TRDR3	8.545673211346472e-06
R_TREH	-3.995322715028005e-09
R_TREHe	-3.995322705676761e-09
R_TRIODTHYt	-1.0334535225295371e-05
R_TRIODTHYt2	7.4463385629410656e-06
R_TRIOK	4.9008135805730935e-06
R_TS3	9.400559150760102e-06
R_TXA2te	-9.031491022583327e-07
R_TXASr	3.4920482720607326e-06
R_TYMSFt	1.4399756870925318e-06
R_TYMSULT	1.4399756864055813e-06
R_TYR3MO2	1.1441735557584921e-05
R_TYRCBOX	1.8197871389390673e-05
R_TYRDOPO3	1.4263354019125113e-06
R_TYRt	5.745748196514977e-07
R_TYRt4	3.795604030543221e-06
R_TYRTAim	-2.1780627354098248e-05
R_UDPDOLPT_L	1.0795958865286726e-05
R_UDPG1P	1.97811583321425e-06
R_UDPGLCAter	1.2321981797474083e-05
R_UGALNACtg	1.700916680264647e-05
R_UGLCNACtg	2.949791581670358e-05
R_UGT1A3r	8.499982076873303e-07
R_UGT1A5r	8.561927123885288e-06
R_UGT1A5r2	7.693358526364436e-06
R_UGT1A7r	-6.902631757843558e-09
R_UMPK2	6.1566711289234854e-06
R_UMPK2n	-1.1694354777602722e-07
R_UMPK3n	2.0160352605519405e-06
R_UMPK5n	1.3157995919221843e-06
R_UMPK6	-1.6927658874621443e-06
R_UPPN	1.6964234021381356e-08
R_URAt	-9.191357763227437e-07
R_URATEtx	2.7817165728499793e-05
R_URIDK2m	-8.617635512669919e-05
R_URIK1	7.039790158011594e-05
R_URIt4	5.162002253813986e-06
R_Uritl	2.1245211598557717e-06
R_VACCt	-1.6870694055093338e-06
R_VALt4	3.79060761161131e-06
R_VALt5m	2.2782358406560344e-05
R_VALTAim	2.278235840658116e-05
R_VALtec	7.732410165250253e-05
R_VD3	-0.0002673267686711736
R_VLCS2r	2.009010791479554e-06
R_VLCSr	4.34441062479099e-06
R_WHDDCAte	-2.9084064684381516e-08
R_WHHDCAte	-4.6474871100155024e-07
R_WHTSTSTERONEte	3.38637700412342e-07
R_XANDp	2.125689507962835e-05
R_XANtx	1.9960125237958315e-05
R_XAO2x	7.857040490529552e-06
R_XOL7AONEtr	9.034969510368987e-05
R_XOLEST2te	-4.7410785951967904e-05
R_XOLTRI24tc	1.6673194492868026e-06
R_XOLTRI27tc	3.4652624497782947e-06
R_XOLTRI27te	8.788596205649979e-06
R_XSERtg	7.390117017933018e-06
R_XYLTD_D	1.1659491647084824e-05
R_XYLtly	6.71569683030615e-06
R_EX_ctp_e	-5.7280720514030214e-09
R_EX_dtmp_e	-4.993694069366228e-09
R_EX_fad_e	4.014632069364657e-05
R_EX_fald_e	2.5666213812683414e-06
R_EX_g1p_e	-7.485656507849603e-09
R_EX_HC01104_e	-3.845164863597317e-09
R_EX_HC01441_e	-3.3296036275332064e-09
R_EX_HC01444_e	1.0803958350253523e-05
R_EX_HC01609_e	-4.993693823035494e-09
R_EX_cpppg1_e	-4.993693656502041e-09
R_EX_HC01700_e	-6.988213053366055e-09
R_EX_HC02161_e	-2.5009307194623354e-09
R_EX_itp_e	-5.447381448697719e-09
R_EX_prpp_e	3.2667262134210284e-06
R_EX_pydx5p_e	6.6359765455541175e-06
R_r0002	-0.0001537438062422826
R_GDRm	-7.648090352038728e-05
R_DPCOAKm	2.071515465357221e-06
R_CPS_m	1.825758289128107e-08
R_r0047	7.010799082315944e-06
R_r0051	3.2667262129110197e-06
R_ALR	2.5577176566496385e-06
R_r0068	3.224394045237e-06
R_ALATA_Lm	4.420887208982441e-05
R_r0084	9.824584937395686e-06
R_r0085	2.266221973758198e-05
R_r0093	-4.989685321171722e-09
R_r0097	3.224394045237e-06
R_PYK3	1.7213037695776085e-08
R_r0145	1.1729288378861842e-06
R_PYK4	1.7212818705871027e-08
R_r0157	4.364301185450295e-05
R_r0170	-6.708012685834042e-05
R_r0809	1.0563545504944927e-05
R_r0173	-0.00025880679993775524
R_r0179	1.2113855385791072e-05
R_r0186	1.4208927275078265e-06
R_r0191	4.567976383615391e-05
R_r0193	3.172463511452381e-06
R_r0196	-4.269173393807446e-05
R_r0205	3.3269555778370208e-06
R_r0210	3.560946522374042e-06
R_r0221_1	7.0147476512391616e-06
R_DHFRim	2.4343115289371386e-05
R_DURADx	2.437821768933729e-05
R_r0239	3.1444153599739094e-06
R_ALCD19y	-5.087831666687748e-05
R_r0280	1.721149730125862e-08
R_r0281	3.7118757843747547e-06
R_r0283	3.360245496512328e-06
R_r0308	4.159642734091751e-06
R_r0317	-7.73100733358345e-05
R_r0321	9.123578454534043e-07
R_r0331	4.3177115558026835e-05
R_r0340	7.5219352493488024e-06
R_r0357	2.6031871854514943e-06
R_r0360	-6.0028644000009734e-09
R_r0363	-3.3296010948369315e-09
R_r0364	-3.329601122592507e-09
R_r0365	4.856303907587595e-06
R_ADADir	3.057577584649612e-05
R_r0380	-3.3296035442664795e-09
R_r0385	1.1611102220722576e-05
R_r0386	9.010284765524851e-06
R_PYDXO_1	2.9058713857804674e-06
R_NAPRT	-6.538692894449138e-05
R_r0393	7.521935249610312e-06
R_XAO2	6.893275349400619e-06
R_r1003	6.0609601896868814e-06
R_AGPOP	1.7211626376540846e-08
R_r0423	0.00014031539652115121
R_r0424	9.82458493756222e-06
R_r0426	0.00010194357517576136
R_r0431_1	-8.886234028346318e-05
R_r0432_1	9.448297325147584e-05
R_r0440	6.062844699020187e-06
R_r0443	4.451216770076476e-05
R_r0444	3.767550097268091e-06
R_r0450	4.290839278258199e-05
R_DGNSK	2.2417422546050503e-06
R_r0466_1	2.3967622813647615e-06
R_RNTR3	-7.276415875285408e-05
R_RNTR4	-9.47132883106494e-05
R_XAND	1.8528183188508494e-05
R_XAO	5.906850636345183e-06
R_r0509	6.62734600011261e-05
R_r0510	3.1102532655896686e-06
R_r0512	0.0002231985718200158
R_r0517	-4.269173393782466e-05
R_FTHFCLm	8.19961221649318e-06
R_r0525	-3.507436997420704e-07
R_NMNDA	0.00028283008276196175
R_DUTCP	-0.00010532890559067365
R_CYSAMO_cho	6.095291549990112e-06
R_r0541	1.0938860584459864e-06
R_ALDD19xr	4.119042285927188e-05
R_ALDD19x_P	-4.210834975143518e-05
R_r0548	1.41911918316584e-06
R_BETALDHy	0.0001237085244522318
R_r0555	1.3519164261774352e-05
R_r0560	1.310162535620319e-05
R_DHRT_ibcoa	1.1610746905190046e-05
R_r0575	-6.708012685500975e-05
R_APNPT	2.7782752710786562e-06
R_r0587	-2.30035985670108e-09
R_PTPATim	2.0715154651768097e-06
R_r0595	2.925575030336691e-06
R_r0596	7.66925843373803e-06
R_r0603	7.318182081071656e-06
R_r0604	7.372738548168216e-06
R_r0611	2.334348175332679e-05
R_HPROym	0.00012020617209893003
R_ACACT4m	1.2928503071135689e-05
R_r0636	-1.9101984481025014e-05
R_ACOAR5m	3.820940699621189e-05
R_ACACT6m	-1.2131377438218127e-05
R_r0641	1.2715079799358042e-05
R_r0643	2.1298384123624725e-05
R_r0649_1	-3.992802997954126e-09
R_r0651	1.5719583919848214e-06
R_r0652_1	-6.265219666547195e-06
R_r0655	1.0167639848068788e-05
R_ECOAH5m	1.2525345346819927e-05
R_r0673	5.251107256173948e-06
R_r0686	-5.615261610340816e-05
R_r0707	-3.893331719648262e-06
R_r0714_1	2.714353395616778e-05
R_r0715	1.1422201572405984e-05
R_HACD6p	-1.0760708571911498e-05
R_r0720_1	8.183715680481173e-06
R_HACD5m	6.010871048129328e-06
R_HACD4m	1.2928503071097525e-05
R_HACD4p	-2.2110144585286116e-05
R_ECOAH4m	1.9346487371104358e-05
R_r0732	4.9985010672062846e-05
R_r0733	1.9151376740872243e-05
R_ACOAR4m	2.618651280099013e-05
R_r0739	-0.00038949361769541335
R_r0741	2.9631229619270227e-08
R_r0747	-8.943368195119918e-09
R_r0752	-0.00011070707946542191
R_r0753	0.00011070707946539415
R_r0754	-0.00011070707946544966
R_r0757	0.00011070707946539415
R_5HOXINDACTOX	-4.5203377773694875e-06
R_r0779	1.785679584488664e-05
R_r0783	0.00011745495657514149
R_ACOAR2m	2.4889375027405125e-06
R_r0795	2.925575030645472e-06
R_r0796	-1.1680760733656648e-09
R_r0813	7.069689523103717e-07
R_r0817	-3.2521692365881406e-05
R_r0818	8.828615016887031e-05
R_SUCFUMtm	-6.384872249242876e-05
R_r0826	3.7332001703551526e-05
R_r0834	1.3997066212932674e-05
R_r0835	-7.193519870028059e-06
R_NH4tm	-6.730454820486759e-06
R_r0853	8.50524956442951e-05
R_r0860	-5.0884305122241014e-05
R_r0871	-6.635976545408401e-06
R_r0879	2.112493264236348e-05
R_r0881	1.982264271970305e-05
R_r0886	-1.9638130825359867e-06
R_r0911	7.5095615709105945e-06
R_CITtcm	-2.7122777739946313e-05
R_r0927	1.1735936378830941e-05
R_r0931	3.40368527581153e-05
R_r0934	4.265486401922036e-05
R_r0946	-1.508331680696417e-07
R_r0950	2.399431984195094e-06
R_r0961	8.717875015309441e-07
R_r0968	5.3865651650115975e-06
R_r0970	6.09235730674243e-06
R_r0973	-2.071515464541901e-06
R_PNTOt4	-6.190175041113216e-06
R_r0990	-5.26061973529432e-06
R_r0993	7.3612116440972125e-06
R_r0995	-5.939326783598389e-05
R_r0998	-4.0450823380912965e-05
R_r0999	-1.057388462434583e-05
R_r1000	3.765665587737027e-06
R_r1006	5.616863949921974e-06
R_r1011	2.009010791767518e-06
R_r1012	2.009010791153426e-06
R_r1015	5.008048692825329e-06
R_r1018	1.4324763089115788e-06
R_r1019	-7.584495730932408e-05
R_r1020	2.6574277956006864e-06
R_r1024	1.993891357573302e-06
R_r1025	2.059950670745686e-06
R_r1026	1.8923926023744808e-06
R_r1030	1.177367071340113e-06
R_CHOLESTTDe	2.984550503963221e-05
R_r1052	5.399764383867689e-05
R_r1078	5.394753000046229e-05
R_r1106	3.223245562393451e-06
R_r1109	0.00014444205535948593
R_r1116	1.3500482723371315e-05
R_r1135	4.5581779119924226e-07
R_r1146	4.558177926737572e-07
R_AKGICITtm	1.610333173311662e-05
R_OBDHm	-2.8966567923789546e-06
R_DUTUP	-6.219246532890299e-05
R_r1159	1.963813077602433e-06
R_r1165	3.330868862283509e-06
R_r1166	3.3309013088289596e-06
R_r1168	7.123950940005064e-06
R_r1169	9.086599512347915e-06
R_r1171	2.1094646447089582e-05
R_r1172	4.653567090378424e-06
R_r1174	3.3308688623268773e-06
R_r1181	9.086599512314955e-06
R_r1183	2.109464644745561e-05
R_r1255	1.2149128821858923e-06
R_r1257	1.6046773471667386e-06
R_r1259	1.4590746533760246e-06
R_r1299	5.019872051969382e-05
R_r1301	2.2789339554830923e-05
R_r1302	-2.278933955473378e-05
R_r1303	4.0718870475183605e-05
R_r1318	5.6207789066165664e-05
R_r1367	5.1209094627763935e-05
R_r1368	5.12090946273476e-05
R_r1377	4.340067594477137e-07
R_r1380	6.666702444674266e-07
R_r1391	-4.170907130210226e-05
R_r1401	6.371135539633144e-05
R_r1411	-4.989668046795348e-09
R_HISt2m	-3.6443827312173727e-06
R_GLY3Pt	1.3382860722097045e-05
R_METtm	1.2373671031476463e-05
R_thr_mt	2.623618631102803e-05
R_r1444	1.0760708571928845e-05
R_r1446	1.3954140008487492e-06
R_r1447	6.816951049634645e-06
R_r1451	6.941070167520991e-06
R_r1454	1.3754121624232757e-05
R_r1457	1.608407762607525e-05
R_r1459	-2.0214120970252214e-05
R_r1472	8.781124964793338e-06
R_r1474	8.781124964774012e-06
R_r1477	8.7811249647185e-06
R_r1481	3.50577775638794e-06
R_r1500	8.753572037122547e-07
R_r1501	2.0799418853976028e-06
R_r1512	9.122095107026718e-07
R_r1514	2.155900933342031e-06
R_r1516	2.069542513974225e-06
R_r1517	2.2122763085521274e-06
R_r1521	2.3962504480910807e-06
R_r1522	2.114317245629181e-06
R_r1523	2.2214420284842953e-06
R_r1527	2.2087714226974933e-06
R_r1529	2.2229286207346363e-06
R_r1532_1	8.478380059198654e-07
R_HCO3_2NAt	1.717541433653796e-08
R_r1544	1.6085386652264777e-05
R_r1546	3.350520700387549e-05
R_r1551	1.762371737201729e-05
R_r1559	-1.2015269889809055e-05
R_r1563	-1.6998440518681268e-05
R_r1566	-1.44967118179129e-05
R_r1569	-6.1919284974759625e-06
R_r1570	-1.8863225288573426e-06
R_r1573	1.7419820171990508e-05
R_r1574	7.385383693214731e-07
R_r1575	6.025213154348119e-06
R_r1576	-2.1512421408409477e-06
R_r1580	3.569005372669465e-06
R_r1583	1.2960875683074025e-05
R_r1592	7.37076904733236e-07
R_r1596	6.270083033318996e-06
R_r1598	-1.1394606994646894e-05
R_r1599	-1.957106232684802e-05
R_r1600	-8.910540985757054e-07
R_r1602	-1.7069333622055094e-05
R_r1605	-8.764550291973094e-06
R_r1606	-4.458944345406279e-06
R_r1607	-8.317808642382962e-06
R_r1608	5.28667478462419e-06
R_r1609	-2.8897805102456875e-06
R_r1614	6.817744881357224e-06
R_LEUPHELAT2tc	4.486882441992468e-06
R_r1625	6.935662610549342e-06
R_r1627	1.868000822191629e-05
R_r1628	3.689572852585976e-06
R_r1633	1.5112117787818846e-05
R_r1635	-1.4990435349568343e-05
R_r1636	-1.6178279518733185e-05
R_r1638	-8.97248279560503e-06
R_r1639	-7.873496192287166e-06
R_r1640	-3.5678903648611593e-06
R_r1642	-1.1878441636692383e-06
R_r1643	2.0306746607995363e-06
R_VALLAT1tc	-6.01795253842019e-06
R_r1646	1.1422545059480704e-05
R_r1650	8.304783306267716e-06
R_r1651	1.2610389226730412e-05
R_r1653	3.987277876718598e-06
R_r1654	5.086264478967872e-06
R_r1655	9.391870366831645e-06
R_r1656	5.53300612808616e-06
R_r1658	5.404592513885698e-06
R_r1660	4.3056058042223455e-06
R_r1662	-3.858864260367079e-06
R_r1664	4.736114421849402e-05
R_r1665	-1.7722281228253756e-05
R_r1668	8.660312256068836e-06
R_r1669	3.959105179564271e-06
R_r1670	-6.508343236157066e-05
R_r1672	2.3716777661844657e-05
R_r1675	2.3806804060305664e-05
R_r1677	2.3412716272201706e-05
R_r1679	2.377555221479838e-05
R_r1681	2.3220861833886386e-05
R_r1682	2.3329321535224545e-05
R_r1683	2.3464975762700624e-05
R_r1684	2.3502618389598107e-05
R_r1687	2.1725399583276406e-05
R_r1690	2.2764045100154284e-05
R_r1691	2.2235779696899716e-05
R_r1695	2.2260592409652225e-05
R_r1698	2.244893798988845e-05
R_r1702	2.2174671626268294e-05
R_r1708	2.2612127554139105e-05
R_r1711	2.269234974137252e-05
R_r1713	2.2926357394037478e-05
R_r1715	2.3104788938334286e-05
R_r1716	2.2977131277669705e-05
R_r1720	2.31590026974135e-05
R_r1721	2.2613976800416047e-05
R_r1725	2.263957070530731e-05
R_r1728	2.2833865628762995e-05
R_r1730	2.3010977836177005e-05
R_r1733	2.2598666476823792e-05
R_r1734	2.2133593747482305e-05
R_r1735	2.2220936404845903e-05
R_r1737	2.232018761958582e-05
R_r1738	2.2067666278512144e-05
R_r1739	2.2652472491217768e-05
R_r1740	2.218096055656843e-05
R_r1741	2.2144369206431036e-05
R_r1742	2.224377351275897e-05
R_r1743	2.236806477463188e-05
R_r1749	2.2657364242846534e-05
R_r1751	2.3229099322799596e-05
R_r1756	2.2668613006850136e-05
R_r1757	2.2772391151969218e-05
R_r1759	2.2938178980615176e-05
R_r1760	2.3080256617104278e-05
R_r1761	2.295284621647853e-05
R_r1765	2.2578866007483267e-05
R_r1767	2.2512316613890193e-05
R_r1769	2.302334709616133e-05
R_r1770	2.2537699658084498e-05
R_r1772	2.2602383881034638e-05
R_r1773	2.2730388667686896e-05
R_r1775	2.2906029071408096e-05
R_r1776	2.2780369756947305e-05
R_r1777	2.224118951468096e-05
R_r1780	2.284229025501655e-05
R_r1782	2.2774311832111926e-05
R_r1785	2.2800239593612215e-05
R_r1787	2.2866313817662687e-05
R_r1788	2.299707725125083e-05
R_r1800	2.2208482460837897e-05
R_r1801	2.2171807560977808e-05
R_r1803	2.2396015365952482e-05
R_r1807	2.2127329514010086e-05
R_r1808	2.3116364856461125e-05
R_r1810	2.272272781454754e-05
R_r1812	2.265539936538441e-05
R_r1813	2.2826140753023916e-05
R_r1815	2.3172451734394806e-05
R_r1816	2.2642958871228747e-05
R_r1819	2.291196334054668e-05
R_r1825	2.2761095089911254e-05
R_r1826	2.3242135732418068e-05
R_r1828	2.2864828813230764e-05
R_r1831	2.2719317728611688e-05
R_r1834	2.295091835715496e-05
R_r1835	2.309314074855351e-05
R_r1843	2.2760278794747846e-05
R_r1844	2.249857822657353e-05
R_r1850	2.2986675442954185e-05
R_r1852	2.1943902571652796e-05
R_r1856	2.3002221492839092e-05
R_r1859	2.2372953913545046e-05
R_r1862	2.245162296161951e-05
R_r1863	2.2553582306038267e-05
R_r1866	2.273086169461702e-05
R_r1871	2.2966028844544073e-05
R_r1872	2.2429215356840893e-05
R_r1873	2.259683284321079e-05
R_r1879	2.264580643589892e-05
R_r1883	2.274185794794159e-05
R_r1884	2.2271404400323047e-05
R_r1886	2.282523225316524e-05
R_r1888	2.2460147969853572e-05
R_r1891	2.231931573586088e-05
R_r1894	2.2508578693111736e-05
R_r1895	2.2543460147850247e-05
R_r1896	2.2557667950631743e-05
R_r1897	2.1897240506052462e-05
R_r1902	2.2415155735901193e-05
R_r1906	2.2440337850780645e-05
R_r1909	2.2631496622786684e-05
R_r1911	2.28057346393154e-05
R_r1913	1.5542352489156253e-05
R_r1914	1.920824270954663e-05
R_r1915	1.5901874788552817e-05
R_r1917	1.6147103864799783e-05
R_r1919	1.8503212644238598e-05
R_r1922	1.6403155747996e-05
R_r1923	1.5292265169997155e-05
R_r1924	1.883543011042821e-05
R_r1926	1.5449671664717612e-05
R_r1929	1.8771199782552372e-05
R_r1930	1.5595527016243338e-05
R_r1931	1.540558304433809e-05
R_r1933	1.5030007458449735e-05
R_r1934	1.8446768452203e-05
R_r1936	1.5182246697519053e-05
R_r1937	1.6390236021061877e-05
R_r1938	1.5280968145021945e-05
R_r1939	1.8818639652244673e-05
R_r1941	1.5438150481238144e-05
R_r1942	1.6298317135038376e-05
R_r1943	1.5200566361929513e-05
R_r1946	1.5356157429632922e-05
R_r1947	1.6440899821425214e-05
R_r1950	1.5675121940984804e-05
R_r1952	1.6118584746135922e-05
R_r1953	1.5043212382777338e-05
R_r1955	1.5380691934775703e-05
R_r1956	1.5195709968052196e-05
R_r1958	1.5268752210813308e-05
R_r1959	1.8800488348416633e-05
R_r1960	1.561611477682301e-05
R_r1966	1.5444202025843845e-05
R_r1968	1.5237820017839632e-05
R_r1969	1.8754549887693706e-05
R_r1971	1.5394147498661026e-05
R_r1973	1.5177432796026347e-05
R_r1975	1.552077841988908e-05
R_r1977	1.625295440227381e-05
R_r1978	1.5160869413263778e-05
R_r1979	1.8640409741602082e-05
R_r1982	1.6179210584388315e-05
R_r1988	1.5154146268063495e-05
R_r1990	1.549647091379086e-05
R_r1991	1.530882188078425e-05
R_r1992	3.615203768663196e-06
R_r1993	3.6286320568061718e-06
R_r1994	3.622180675196958e-06
R_r1995	3.6234103462336794e-06
R_r1996	3.6297510333111865e-06
R_r1998	3.624797407211433e-06
R_r1999	3.621246838738873e-06
R_r2002	3.6223328405262045e-06
R_r2006	3.6278118011322415e-06
R_r2008	3.644723048311485e-06
R_r2009	3.658256673090061e-06
R_r2010	3.651754736643377e-06
R_r2012	3.6593844083747065e-06
R_r2015	3.650813574372755e-06
R_r2019	3.653316678319649e-06
R_r2020	3.655062428676125e-06
R_r2022	3.6574299950714053e-06
R_r2024	3.5627919127037924e-06
R_r2027	3.570882721906998e-06
R_r2028	3.577134148749004e-06
R_r2029	3.5699865078495368e-06
R_r2034	3.5698204008061877e-06
R_r2037	3.57337694680427e-06
R_r2042	3.6420213232433996e-06
R_r2043	3.643257473167995e-06
R_r2044	3.6496315307363346e-06
R_r2045	3.6423436598815613e-06
R_r2052	3.6453205715826763e-06
R_r2053	3.6458006532302757e-06
R_r2054	3.6476820991101187e-06
R_r2057	3.6537963222923548e-06
R_r2059	3.648539837335847e-06
R_r2061	3.647624754080054e-06
R_r2062	3.6499361407932936e-06
R_r2064	3.65453255845788e-06
R_r2066	3.6474551492086065e-06
R_r2069	3.651086549974635e-06
R_r2070	3.6529706076045683e-06
R_r2079	-1.1787302928462778e-05
R_r2082	-8.47462258696599e-06
R_r2083	-5.3667116050523656e-06
R_r2091	-4.794242001251309e-06
R_r2095	-1.7182433330441976e-05
R_r2097	-6.420591234766043e-06
R_r2098	-1.3481649732503126e-05
R_r2099	-1.0071322923355108e-05
R_r2102	-1.2029653734466073e-06
R_r2103	1.2666787469250984e-05
R_r2105	9.558876436048525e-06
R_r2107	5.9081447539958976e-06
R_r2109	-2.2964239937244e-06
R_r2110	-2.3021602204183894e-05
R_r2112	-1.2259759704525558e-05
R_r2116	1.3869752888827358e-05
R_r2117	1.0761841836473551e-05
R_r2118	3.7007833940255752e-06
R_r2119	7.111110138440652e-06
R_r2124	-8.693176364284877e-06
R_r2127	-7.061058407014514e-06
R_r2128	-3.650731637078186e-06
R_r2129	-5.585265380296522e-06
R_r2131	1.4757930026261523e-06
R_r2132	-1.9345337346175773e-06
R_r2136	1.71967333613048e-08
R_r2140	-6.802489945638117e-08
R_r2142	-6.331563270139818e-08
R_r2143	-4.941822258126448e-07
R_r2144	-3.3936659222854163e-06
R_r2145	-3.3968668539200145e-06
R_r2147	1.3254018210537034e-06
R_r2148	1.3253985565561986e-06
R_r2152	8.027880098805943e-07
R_r2154	9.64825235982376e-07
R_r2155	9.648252359823725e-07
R_r2156	9.648252359824945e-07
R_r2157	7.669513664101634e-07
R_r2158	7.6695136641016e-07
R_r2160	9.693742619665282e-07
R_r2161	9.69374261966535e-07
R_r2162	9.693742619666468e-07
R_r2163	9.658837058709701e-07
R_r2168	8.760268370095838e-07
R_r2169	5.160351980730801e-07
R_r2170	5.160351980730767e-07
R_r2171	5.160351980731208e-07
R_r2174	5.15787472449825e-07
R_r2180	7.655437455799443e-07
R_r2181	7.655423097124163e-07
R_r2182	7.655423097124129e-07
R_r2183	7.655423097125044e-07
R_r2184	5.623486306574874e-07
R_r2185	5.62348630657484e-07
R_r2186	5.623486306575281e-07
R_r2187	7.855799058194536e-07
R_r2188	7.855799058194569e-07
R_r2190	7.944444512019529e-07
R_r2194	-2.8079289799115803e-08
R_r2197	-2.151953882240638e-08
R_r2198	-2.5349560454509096e-10
R_r2200	-1.846255157229519e-08
R_r2203	5.003552613814076e-07
R_r2207	9.738603452448134e-07
R_r2208	9.73860345244932e-07
R_r2209	9.738626852575795e-07
R_r2214	6.539186078054284e-07
R_r2216	9.753564412634949e-07
R_r2218	1.6954651669168697e-08
R_r2220	1.6954651669168757e-08
R_r2221	1.672882323708228e-08
R_r2222	1.6728823237082276e-08
R_r2223	1.6728823237082325e-08
R_r2224	1.6952172742470552e-08
R_r2225	1.695217274247055e-08
R_r2232	1.7268132574104848e-08
R_r2234	1.695207647735988e-08
R_r2235	1.6952076477359932e-08
R_r2240	7.336026018061037e-09
R_r2241	7.336026018061069e-09
R_r2243	1.6954095296267943e-08
R_r2251	1.6953818918338754e-08
R_r2252	1.6953818918338754e-08
R_r2253	1.695381891833881e-08
R_r2254	1.704235708676014e-08
R_r2259	1.695451213498214e-08
R_r2261	1.6951854553842718e-08
R_r2262	1.6951854553842778e-08
R_r2263	1.6954512195748707e-08
R_r2267	1.6954542817401314e-08
R_r2269	1.6954512175505596e-08
R_r2270	1.695451217550559e-08
R_r2271	1.6954512175505652e-08
R_r2272	1.6954542963547476e-08
R_r2274	1.6954542963547532e-08
R_r2279	1.6953462168703888e-08
R_r2280	1.6953462168703947e-08
R_r2281	1.6954588582829014e-08
R_r2284	1.6953515790962187e-08
R_r2285	1.6953515790962184e-08
R_r2286	1.6953515790962243e-08
R_r2287	1.6951793563764194e-08
R_r2288	1.6951793563764197e-08
R_r2290	1.6954588582829017e-08
R_r2291	1.6954588582829017e-08
R_r2292	1.6954588582829074e-08
R_r2295	1.695448813360425e-08
R_r2296	1.6954588582829017e-08
R_r2298	1.695458858282907e-08
R_r2302	1.6953450963194914e-08
R_r2303	1.6953450963194914e-08
R_r2304	1.6953450963194974e-08
R_r2305	1.695345117600631e-08
R_r2306	1.695345117600631e-08
R_r2308	-2.6193220019044933e-08
R_r2311	3.95886661517054e-07
R_r2312	-2.3886536611580835e-08
R_r2314	-3.95844307663866e-05
R_r2316	-7.813364032292769e-06
R_r2318	-1.2162625495002605e-05
R_r2319	-1.2538587505668553e-06
R_r2320	-4.307712540803019e-05
R_r2322	-7.710366240511191e-07
R_r2323	-1.2532210672232258e-06
R_r2326	-1.7776780370119816e-05
R_r2327	-5.0868241976281814e-08
R_r2328	-1.693292205367375e-05
R_r2329	-4.4037024712659245e-05
R_r2330	-5.0868241976281814e-08
R_r2338	9.652948105730557e-06
R_RE0549C	1.044327512782911e-06
R_RE0565C	1.79764352249423e-05
R_RE0566C	1.7976435225480064e-05
R_RE0571C	1.7647769284652448e-05
R_RE0574C	7.83934754739618e-06
R_RE0576C_1	7.839347549991327e-06
R_RE0577C	3.7946379160512522e-06
R_RE0578C	-2.273092496336837e-05
R_RE0579C_1	3.0729018040791256e-06
R_RE0581C	3.3797972940896592e-06
R_ECOAR	-2.9956741988808322e-05
R_RE0688E	2.0421242268695597e-06
R_RE0827E	1.2866418397582092e-06
R_RE0828E	2.7141601450680116e-06
R_RE0830C	1.3993503049473943e-06
R_RE0830N	-2.7755575615628914e-17
R_RE0915E	1.1112865324139354e-09
R_RE0916C	7.993823150781454e-07
R_RE0926E	4.4406152886755645e-09
R_RE0935E	2.960410091547294e-09
R_RE0936E	-4.548228113576691e-17
R_RE0937E	-4.548228113576691e-17
R_RE0938E	-3.496552006265752e-17
R_RE0944E	1.4802049950329854e-09
R_RE0958E	-7.389942539414579e-09
R_RE1077C_1	1.0405966832521818e-06
R_RE1096C	2.40176901827871e-06
R_RE1099C	3.8422441127686224e-07
R_STS4r	-1.5143574196057469e-05
R_RE1266C_1	2.2232440899452866e-06
R_CYP2R1	1.53144397464465e-05
R_RE1447M_1	4.3196479137200955e-06
R_RE1447N_1	-8.499431185177847e-05
R_RE1448N_1	-8.609702699580168e-05
R_RE1448R_1	1.7237580576360151e-06
R_RE1516M	1.2367491078538184e-06
R_RE3038C	2.9180485901073895e-06
R_RE3040C	9.105886540420206e-06
R_RE3051C	4.4938694856652694e-07
R_RE3052C	4.764448056984727e-07
R_RE3074X	1.5661218545348632e-06
R_RE3082X	-7.846362476415791e-09
R_RE3086X	-8.098565845715555e-09
R_RE3095C	4.956193402239073e-06
R_RE3106C	5.907225449765935e-06
R_RE3112C	5.9072254488395926e-06
R_RE3121C	4.224960872840217e-06
R_RE3132R	1.6044074887533455e-06
R_RE3134C	-8.541364454606182e-07
R_CHLSTD78I	1.5745782334236624e-06
R_RE3151C	1.5363375396010293e-05
R_RE3152C	1.5363375396919288e-05
R_RE3154C	6.813110701268943e-07
R_RE3157X	-8.191804318213869e-09
R_RE3158X	-8.191801931234366e-09
R_RE3159X	-8.191803536720943e-09
R_RE3160R	3.3308685831179297e-06
R_RE3161C	1.0925110418724682e-05
R_RE3162C	1.0925110419227752e-05
R_RE3163C	1.0925110419706535e-05
R_RE3164C	8.353040293288677e-06
R_RE3166C	1.6943578986239327e-06
R_RE3167C	1.6943578991374109e-06
R_RE3171C	2.418270359530461e-06
R_RE3172C	2.418270360189656e-06
R_RE3173C	1.755732694060791e-06
R_RE3176C	1.7557326937693574e-06
R_RE3177M	-1.0540378014844975e-08
R_RE3181C	2.847121491032778e-07
R_RE3430X	-1.4073165072674143e-05
R_FAOXC122x	5.759859259199529e-06
R_FAOXC123C102m	1.5017577114084801e-05
R_FAOXC123x	9.6122971498247e-06
R_FAOXC120100m	6.302028870940057e-06
R_FAOXC12C12OHm	6.5076423761342705e-06
R_FAOXC12DCTc	-2.3383923574323007e-06
R_FAOXC141C121m	4.337395123357735e-06
R_FAOXC141C121x	2.840806556408948e-06
R_FAOXC142C142OHm	-9.285964580607597e-09
R_FAOXC140120x	2.80443964859739e-06
R_FAOXC14DCC12DCx	7.172711609539258e-06
R_FAOXC15C13m	-8.871309159497187e-09
R_FAOXC15NADPx	-5.5480810015606785e-09
R_FAOXC162C142m	3.4747841574783722e-06
R_FAOXC163C143m	2.5492594009079994e-06
R_FAOXC163GC142m	9.447456981448443e-06
R_FAOXC164C165x	9.612297149751842e-06
R_FAOXC164GC163m	9.447456981476199e-06
R_FAOXC165C164x	9.612297149793475e-06
R_FAOXC16Brx	2.5145418961099175e-06
R_FAOXC160140m	5.003771277989344e-06
R_EX_5hoxindoa_e	1.7713360870620642e-06
R_EX_cala_e	1.6599891318400117e-06
R_EX_cholp_e	2.5018365509034413e-06
R_EX_dmgly_e	2.1681946219577475e-06
R_EX_ethamp_e	3.210313493335476e-06
R_EX_g3pc_e	1.802424814779241e-06
R_EX_gudac_e	8.75284929946138e-06
R_EX_hcys__L_e	1.2814624980109213e-06
R_EX_kynate_e	2.1482444061277084e-06
R_EX_L2aadp_e	5.828123978215971e-06
R_EX_pep_e	3.4708691731520636e-06
R_EX_xtsn_e	9.67908118622296e-06
R_EX_udpglcur_e	4.353897608590229e-07
R_EX_hLkynr_e	1.2745605746204702e-06
R_EX_nicrnt_e	0.0002696258743456921
R_EX_orot5p_e	6.557888931162104e-07
R_ALAB0AT3tc	1.719399271412557e-08
R_ARGB0AT3tc	1.7202242942781494e-08
R_ASNB0AT3tc	1.719426114562551e-08
R_BETBGTtc	-4.36952549825938e-06
R_CYSB0AT3tc	1.7193952691637847e-08
R_ESTROSABCCte	1.6904263271620554e-06
R_FOLOAT1tc	-2.2377865070074172e-11
R_FOLOATPtc	-8.218136806271601e-08
R_GLNB0AT3tc	1.7194346092118363e-08
R_GSNt2	-3.5469782955614725e-08
R_LEUKABCtc	6.784188332919733e-07
R_PHEB0AT3tc	1.7194202685232654e-08
R_PSHSABCtc	2.2130070683424805e-06
R_EX_alaasnleu_e	1.1475104543457598e-05
R_EX_alalysthr_e	9.647856127614762e-06
R_EX_argargmet_e	5.392683272553017e-06
R_EX_argcysser_e	5.978339823870665e-06
R_EX_arggluglu_e	5.425861876632437e-06
R_EX_arghisthr_e	5.9490265609599136e-06
R_EX_argleuphe_e	6.038313906917697e-06
R_EX_arglysasp_e	5.190085197802341e-06
R_EX_argserser_e	5.471336579684211e-06
R_EX_asnmetpro_e	7.958437872216534e-06
R_EX_asntyrgly_e	6.900668010369898e-06
R_EX_asntyrphe_e	6.8096295985885236e-06
R_EX_aspalaarg_e	7.565432493809171e-06
R_EX_aspasnglu_e	6.45918112186436e-06
R_EX_aspglutrp_e	5.868842818359393e-06
R_EX_asphispro_e	6.2141512822411205e-06
R_EX_asplysglu_e	5.629885972156801e-06
R_EX_asplyshis_e	5.606874689239455e-06
R_EX_aspmetasp_e	6.14352548973171e-06
R_EX_aspprolys_e	6.066204166464001e-06
R_EX_cysasnmet_e	8.169308027453082e-06
R_EX_cysaspphe_e	6.6144792638805905e-06
R_EX_cyscys_e	1.1331366545550697e-05
R_EX_cysglnmet_e	7.2918612163234975e-06
R_EX_cysgluhis_e	6.494646034679863e-06
R_EX_cysglutrp_e	6.632830074654317e-06
R_EX_cysleuthr_e	8.033186440808276e-06
R_EX_glnhishis_e	5.951500741823573e-06
R_EX_glnlyslys_e	5.683943116358697e-06
R_EX_glnlystrp_e	5.92728357825395e-06
R_EX_glntrpglu_e	6.095623127769234e-06
R_EX_glntyrleu_e	6.454406309676364e-06
R_EX_gluglu_e	8.535657051087636e-06
R_EX_gluilelys_e	6.746807196544163e-06
R_EX_gluleu_e	9.496042920741077e-06
R_EX_glumet_e	9.565386837374207e-06
R_EX_glumethis_e	6.395020293013115e-06
R_EX_gluthr_e	9.825579965625636e-06
R_EX_glyhislys_e	5.98626278182357e-06
R_EX_glytyrlys_e	5.96997948953959e-06
R_EX_hisargcys_e	5.9258842675137535e-06
R_SK_dgchol_c	-2.6786818496715714e-05
R_SK_fe3_c	-5.231184051667295e-05
R_SK_gchola_c	-4.537044216557096e-05
R_SK_hdca_c	-8.952514805302472e-05
R_SK_lnlncacoa_c	-4.0276242983697946e-05
R_SK_nadp_c	-0.00011167431805094927
R_SK_odecoa_c	-3.0392591416090325e-05
R_SK_phyQ_c	-5.98527420498339e-05
R_SK_pydam_c	-4.7478385202869705e-05
R_SK_retfa_c	-7.09529757874916e-05
R_SK_stcoa_c	5.207933042257473e-05
R_SK_tdchola_c	-5.9172489109141774e-05
R_DM_thmpp_c	-5.107314023435755e-05
R_DM_thmtp_c	-3.7393849737114154e-05
R_THCHOLSTOICt	5.077033558372612e-06
R_XOL7AH3ATP	3.535358155823398e-06
R_XOL7AH3t	6.60597998296226e-06
R_EX_xol7ah3_e	1.014133813883461e-05
R_SK_xol7ah3_c	0.000384144909072133
R_XOL7AONEt	4.810233278085491e-06
R_XOLDIOLONEATP	4.437190583225781e-06
R_EX_xoldiolone_e	4.437190583590073e-06
R_7KILTCHOLt	4.9649009409225215e-06
R_EX_7klitchol_e	7.955946055300533e-06
R_SK_7klitchol_c	-5.152733384370875e-05
R_EX_2obut_e	5.867400170372211e-06
R_EX_glcn_e	0.00044567695979302185
R_ACACt2	-3.5333354010170376e-05
R_ADK1	0.000398802591952796
R_ADPT	2.2051419621832435e-06
R_ADSS	3.3638851976436346e-06
R_ALAR	7.799987394368352e-05
R_EX_phpyr_e	1.195401728211476e-05
R_EX_2hyoxplac_e	2.7700493162828577e-06
R_PHPYRte	-1.1954017282309048e-05
R_3MOX4HOXMte	3.434281774808423e-06
R_GLXt	5.189458922989082e-06
R_EX_glx_e	5.189458923037654e-06
R_CE4970te	2.8099680092598228e-08
R_EX_CE4970_e	2.916986879819561e-08
R_CE2026te	2.8047716264978213e-08
R_ACTYRm	3.2166902646357104e-05
R_ACTYRtc	3.21669026463918e-05
R_ACTYRte	3.2166902646419554e-05
R_EX_actyr_e	3.216690264642996e-05
R_SUCACETATALTc	1.7224571953571022e-06
R_SUCACETOc	4.667693468404094e-06
R_EX_sucaceto_e	4.667693468372869e-06
R_VANILPYRc	2.5797915741386512e-06
R_CE2176tm	6.101651589117407e-06
R_NACVANALAm	6.101651589106999e-06
R_NACVANALAtm	6.101651589145163e-06
R_NACVANALAte	6.101651589169449e-06
R_EX_nacvanala_e	6.101651589183327e-06
R_EX_2h3mv_e	6.6884865056529574e-06
R_2M3HBUtm	2.6178153390725434e-05
R_2M3HBUte	2.617815339075666e-05
R_2M3HVACc	9.491655725765713e-06
R_3H3MGLTte	1.0287631059757718e-05
R_EX_3h3mglt_e	1.0287631059778535e-05
R_3MGLUTACc	1.7636077492388935e-05
R_3MGLUTACte	7.0667678260215305e-06
R_EX_ppiogly_e	2.8717751138426784e-06
R_HMR_0614	5.762558215847979e-06
R_HMR_0625	2.3814418711812224e-06
R_HMR_0634	6.794091563237965e-07
R_HMR_0642	1.976052062854783e-06
R_ETHAAL	3.1732033512373026e-06
R_HMR_0678	7.67753540704269e-06
R_HMR_0750	1.4367108539692364e-05
R_HMR_0758	2.204464394639505e-05
R_HMR_0761	2.1240195773306048e-05
R_HMR_0763	1.9638130804473797e-06
R_SBPP3	2.3619835254652666e-06
R_HMR_0793	2.761042379777201e-06
R_HMR_0795	3.1637265136275072e-06
R_HMR_0809	9.394052345630677e-07
R_HMR_2736	5.242563488050411e-07
R_HMR_2738	-5.204873291739243e-07
R_HMR_2739	3.5671885094401556e-07
R_HMR_2740	3.5483434197153274e-07
R_HMR_2741	-3.52949832992111e-07
R_HMR_2772	4.7284911097039695e-07
R_HMR_2774	3.770115311468869e-07
R_HMR_2775	3.751270220217484e-07
R_HMR_2817	2.9004397427315892e-05
R_HMR_2821	-2.0959988495454843e-05
R_HMR_2852	2.6581446961635585e-05
R_HMR_2857	1.4383508496074865e-06
R_HMR_2862	-2.940104469856958e-05
R_HMR_2866	-5.522147627740753e-06
R_HMR_2890	-2.6090277471801926e-06
R_HMR_2945	3.330868926398889e-06
R_HMR_3113	5.338834003276727e-06
R_HMR_9674	9.666641637675472e-06
R_IND3ACtm	-2.4362478554147693e-06
R_ACtp	-6.4443747795073225e-06
R_HMR_9680	-0.0001244793093390581
R_HMR_9716	8.364725249711269e-07
R_HMR_9719	5.956026100095713e-07
R_HMR_9801	-1.9972296420867064e-09
R_GLUN	5.7888052476442325e-06
R_HMR_9805	1.7125151752597043e-08
R_HMR_2957	3.330901308551404e-06
R_HMR_6580	4.857738560931635e-06
R_HMR_0980	-3.5008190207852508e-06
R_HMR_4816	5.0913183678663945e-06
R_HMR_4772	4.4938694815366276e-07
R_HMR_6672	-4.302391444072767e-05
R_EX_sbt__D_e	-3.3296017470929584e-09
R_12DHCHOLt	-2.024978855544356e-06
R_12DHCHOLt2	4.327117977007247e-06
R_3DHCDCHOLabc	2.366921348417872e-06
R_3DHCDCHOLt	-3.1837756336629015e-06
R_3DHCDCHOLt2	4.190184412462269e-06
R_3DHDCAS	2.886703345279627e-06
R_3DHDCAt	-3.2295636621724848e-06
R_3DHLCAt	-3.182776518192206e-06
R_5OHFVSGLUitr	7.049604962283684e-09
R_6HSMVitr	-4.411089375710997e-09
R_6OHFVSGLUitr	7.049604962283684e-09
R_ACMPGLUitr	-5.234199500908643e-09
R_AM1ACCSitr	6.675674294603917e-09
R_AM1C9CSitr	-9.969541418103356e-09
R_AM4N9CSitr	-5.95092141536524e-09
R_AM4NCSitr	-3.3949415952083672e-09
R_CARIBUP_Sitr	-5.562419073956715e-09
R_CRGLZitr	-8.02942840688603e-09
R_CRVSitr	-8.25381376093337e-09
R_CRVSM24itr	-1.1699266326548052e-08
R_CRVSM31itr	8.444749184655098e-09
R_DESFVSitr	7.363951545769076e-09
R_DSPVSitr	-4.606509323296093e-09
R_EPOXTACitr	8.1662260946469e-09
R_FVSCOAitx	-7.303021173910018e-09
R_FVSTETitr	-2.4911964782714513e-09
R_FVSTETGLUitr	7.482042631290486e-09
R_IBUPGLUCitr	-6.258740026243714e-09
R_LSTNitr	-1.4350358134435082e-08
R_LSTNM4itr	8.102415037514188e-09
R_LVSTitr	-1.0867530663566383e-08
R_EX_lvstacid_e	-7.788554735183029e-09
R_LVSTACIDitr	8.62071282414778e-11
R_NFDNPYitr	-6.339625716750286e-09
R_PROFVSCOAitx	-9.248773066850013e-09
R_PTVSTLACitr	1.389515558170018e-09
R_PTVSTM13te	-8.460568756002429e-09
R_EX_ptvstm13_e	-9.217931619398545e-09
R_PTVSTM3itr	8.244745205998605e-09
R_PVSitr	-8.245867537393092e-09
R_RSVLACitr	-2.043203593059262e-06
R_TLACFVSitr	7.260220976496035e-09
R_TMDM1itr	-1.9124736724829283e-09
R_TMDM5itr	8.357184534679707e-09
R_ACMPGLUTTRsc	-8.630583435420558e-09
R_FVSCOAhc	-5.765553579700766e-09
R_MDZGLChr	-4.366409993988851e-09
R_TMACMPhr	-1.0787248629073876e-08
R_CYSACMPitr	-1.1944750636511126e-08
